100
-188 -903
488 200
463 862
-589 -327
-16 -126
469 -996
898 249
366 849
137 -419
-662 86
-250 475
144 612
-790 657
354 686
-146 8
675 -371
164 990
-929 -67
-945 609
487 -719
-952 -898
-693 -620
989 -701
-696 -578
34 -772
-308 -249
-454 -753
-204 224
965 209
314 -852
979 -91
511 538
503 504
452 882
175 -780
522 -839
810 65
-404 396
-608 -11
-753 256
-49 250
325 269
678 481
-30 -427
-264 208
605 -971
899 -535
-448 684
99 131
842 441
-366 810
-887 253
754 -328
-84 669
382 486
-63 466
-705 -126
-87 -514
217 -877
364 -545
-49 -596
-688 -811
9 -419
-456 -622
837 -604
780 382
-617 -85
-549 -768
145 152
7 -124
-56 -631
1 240
693 110
-308 372
198 -494
669 -96
-872 -596
134 -297
-859 926
643 -643
634 -804
-147 709
-149 106
-440 789
385 257
-393 -679
898 415
-229 -711
-716 155
-277 705
-982 315
33 195
443 -178
933 391
-783 494
478 169
-814 -611
399 392
-644 995
-248 62
