1000
465 -981
-176 28
-846 855
325 -556
-348 -752
-605 -350
406 737
-158 -691
545 739
-710 177
-689 785
-465 668
981 -10
288 459
127 -415
-316 880
244 -876
570 84
-970 165
-709 -451
-302 -858
-959 -881
503 529
-895 -234
-167 599
-222 -468
653 -833
-958 -484
996 616
-558 -402
-567 240
-782 607
631 331
-689 192
-732 418
-844 -150
737 -196
153 762
507 -806
748 -473
-729 -605
-800 -796
-346 -5
534 -973
-339 822
-663 44
-790 825
-639 373
137 530
-582 324
476 73
348 -150
553 102
78 -15
981 -695
-238 287
-93 -61
-472 683
-128 23
501 783
756 -349
77 -687
786 386
408 -380
584 -792
-558 334
392 493
-898 638
732 937
-648 -781
341 -5
475 93
-133 874
-641 711
777 354
-890 -268
360 -884
-676 545
-611 -933
499 12
381 -826
670 235
383 -80
965 441
134 -283
143 -109
260 -571
777 231
-160 908
-792 628
-86 338
-760 52
544 458
537 -278
-631 -141
-23 696
-119 410
-349 -84
994 -248
306 -328
-888 500
-777 920
-848 -178
207 256
-91 -860
140 -608
472 636
773 -853
-444 -963
372 -136
-544 -967
337 728
-428 579
290 620
751 1
-332 -217
121 139
100 -101
684 -656
-970 -451
-454 803
992 220
643 65
-17 -944
315 -916
-948 775
941 795
292 -514
449 -378
-694 -875
961 -212
-3 829
918 541
-555 971
-305 -554
262 -41
828 -824
-648 -603
-304 -252
462 999
958 -935
-139 200
822 948
-55 126
225 -622
635 -106
-712 -138
-371 680
-850 419
150 106
-820 807
-34 619
527 761
-878 211
816 -368
316 -982
866 824
515 -355
-551 -512
-300 -305
-588 994
-249 991
159 477
901 -19
95 -284
-445 427
-335 576
504 -452
343 -768
-407 -912
575 876
823 -491
954 -755
-457 445
-318 -497
527 473
-206 614
-422 997
-992 -692
261 576
-468 -130
165 -363
409 465
-305 306
-121 -329
-314 -22
-158 106
610 337
-85 58
563 -231
149 295
820 -167
53 -445
-69 -878
-257 -830
253 482
254 599
-353 852
-594 640
113 -771
-458 635
496 -114
814 498
-236 -892
466 739
-383 -949
-958 -102
756 144
-837 973
106 -977
479 984
639 -793
-991 -268
162 -7
897 282
249 723
5 141
-348 45
896 -759
-248 634
-766 -105
212 403
-862 445
833 133
665 -913
-183 -372
-996 94
185 -763
588 458
-58 602
-770 -361
-96 702
-753 -519
777 956
-121 -615
-604 -531
-344 -591
-783 624
-853 414
-149 113
170 -703
-425 421
484 498
-227 -865
-730 802
807 119
531 -527
-279 -328
213 969
77 730
-466 -861
420 -653
301 -671
697 -353
-802 -807
934 483
-335 474
-914 -518
-415 -784
814 767
-381 663
712 282
670 239
-989 980
-419 537
-796 -751
-887 501
-536 666
102 -580
-617 -804
472 -194
115 -86
-528 -264
-734 -616
404 -1
915 397
-808 -726
-221 718
401 871
550 -621
-203 994
-369 -94
-356 -716
38 -956
-420 710
-380 699
-67 545
-434 -789
47 -539
577 946
-668 141
94 935
861 -229
-82 139
515 -454
534 755
381 624
286 -383
98 302
797 -841
636 797
433 666
478 501
-365 952
-173 -540
-939 -585
-129 883
723 197
635 398
170 286
-956 -103
-577 -895
382 -922
-911 27
504 -63
-427 -602
-696 -619
685 301
242 481
-814 222
-847 -313
188 -133
-232 496
260 723
-452 -545
80 -46
954 60
880 472
-104 207
-763 653
413 -600
-617 -913
-84 97
-279 -157
-569 -207
-301 -724
-365 -469
283 310
-210 -884
-338 -319
-210 274
-9 -332
-918 410
-644 992
-766 -451
43 166
-158 154
-348 299
196 -651
51 -474
851 -978
694 995
612 734
625 -720
447 -257
299 879
63 -991
183 -610
-59 759
997 -338
685 122
255 154
-589 982
-863 343
965 892
-763 -310
-328 574
-331 -141
634 -926
479 201
304 784
281 545
-969 -565
-550 -108
193 394
405 -63
50 43
213 659
713 -741
833 -886
-331 -406
-470 37
-900 -452
151 919
-577 563
0 622
-225 -238
-410 -336
-884 -655
-712 692
124 -761
991 -921
690 -267
150 228
161 -791
352 -448
-356 -516
285 754
481 464
99 -403
648 -46
644 -167
-34 215
145 -495
127 -821
-948 -838
51 641
810 -597
54 633
957 368
-319 -481
-46 -699
-221 -734
430 -741
-190 593
-5 453
994 198
549 -436
895 976
116 267
609 113
-210 205
-511 566
879 -68
678 844
728 554
578 -752
-107 -521
-784 -192
228 639
395 -191
428 -226
716 -237
310 581
659 470
-576 550
271 -158
-692 -348
446 -535
-195 202
-601 631
106 -352
93 560
580 -784
573 465
-347 -218
-901 395
442 -252
468 253
-807 -838
708 -566
-569 894
922 488
-813 2
-237 -939
722 -245
484 -885
913 894
-463 644
410 646
462 534
165 -135
-588 990
-545 798
297 -661
668 107
857 743
822 13
576 931
244 820
602 -188
-764 -962
-566 -681
964 -211
-494 -265
907 188
801 -799
-290 109
-469 -921
793 515
745 -906
991 681
-685 925
-997 575
553 231
-523 208
461 -114
-138 149
585 539
-625 843
38 -957
930 -6
-993 -917
904 524
334 706
166 -183
663 18
-587 886
-230 -450
-245 723
-460 114
261 451
-36 -599
-56 991
154 -145
-955 -974
531 -407
157 484
135 -360
194 -692
480 -367
702 -445
383 -746
728 719
21 -355
-304 464
137 -234
-500 -619
-204 817
-806 -155
-832 -907
258 -924
49 -469
253 205
-91 -332
686 466
-666 -895
94 738
225 -966
-695 -251
-655 361
21 -756
968 -259
-1 -82
996 -902
744 502
-558 -919
521 115
761 -942
-102 -684
-250 -898
-2 -119
211 -2
492 73
624 -528
-210 38
505 636
540 92
91 -181
-23 387
-159 -26
286 640
-872 -996
-957 -971
979 -973
-483 410
907 -146
856 354
-206 -488
-109 -387
-312 721
-425 869
957 -781
396 580
-9 -644
664 786
-126 515
-196 -130
65 486
546 799
-324 169
-856 825
-717 -380
520 948
-701 346
464 47
261 -132
-883 -835
128 -687
424 -452
-891 690
-113 758
192 -191
669 290
779 384
320 -627
315 323
-482 705
428 151
159 -350
846 990
-902 621
-877 591
-282 26
653 -197
837 7
-406 748
103 590
-719 345
-101 305
199 339
722 -858
960 -572
75 -240
-908 -805
147 89
929 -516
438 100
-967 433
97 699
-774 -970
146 688
-927 261
-869 626
827 -300
523 -165
677 -381
28 431
506 -626
-781 941
-738 522
231 -787
295 -790
785 398
391 769
406 944
454 892
724 -939
636 -586
-514 911
-113 -497
-959 -905
320 115
169 636
345 110
-92 625
-250 -615
887 774
-115 -112
224 -683
569 -639
31 -564
-270 177
-508 -265
-904 731
123 875
-395 341
757 -615
354 780
22 663
-132 643
311 -583
-542 763
-153 162
-240 -262
-967 -312
184 -667
-297 184
274 -235
524 816
-600 733
612 -697
-422 699
284 -959
-560 -577
629 424
-837 318
641 334
-851 142
172 -683
-232 505
364 650
928 271
-130 101
44 -743
715 -681
336 -879
471 -348
-289 -91
-49 981
552 690
377 162
786 -492
-359 333
989 750
-457 -375
912 -518
20 72
-490 -370
-2 -135
713 739
882 -235
732 -495
597 245
-273 762
-894 -69
-202 -776
-11 -945
-171 378
439 -254
91 -492
231 -197
-486 727
-138 12
788 596
556 -343
-148 109
602 312
849 176
128 -154
-535 -300
-501 -34
884 -159
541 -276
-67 -984
776 -766
770 -613
-30 -556
228 282
-708 703
-186 93
-245 870
-252 -912
-398 -277
14 -707
734 390
567 318
859 -147
-164 -298
-987 703
25 -252
71 -653
242 155
895 -637
921 310
-174 384
-594 228
-896 710
-8 599
237 397
-588 -500
951 137
379 678
935 -716
835 -110
839 -938
-3 -590
-717 833
-923 987
-897 693
783 -774
659 993
377 -642
735 -451
-772 -473
-911 815
-18 -512
-204 -716
-838 417
142 -266
513 655
-170 142
-717 878
523 -986
-540 -26
-324 165
493 433
-720 328
-422 -155
-343 328
250 400
458 -343
-202 998
159 -152
-274 -427
142 -912
889 -383
310 -663
635 923
-220 671
-694 -229
-782 45
888 588
-188 -605
-399 225
-40 -362
562 -431
-857 -175
225 391
574 74
-355 -319
200 925
-954 -75
-680 -83
481 -176
-608 -700
-962 899
206 -735
883 878
-500 -645
246 -640
948 299
859 -637
694 -432
142 372
-937 -106
298 307
-969 -363
-849 -345
427 -128
489 -434
402 -857
-625 -490
-998 510
868 -236
591 309
-145 -282
206 -93
-527 -489
-949 666
284 -297
-416 325
-491 683
-339 -779
-256 733
-934 -295
687 -20
-234 -286
-203 624
-3 -54
-549 609
336 -122
-93 -638
-998 804
-666 -14
692 183
772 -914
228 -719
-389 90
-19 84
265 60
206 526
140 -286
994 -346
129 407
251 -906
-626 711
27 643
-386 -411
-477 716
5 -246
340 -322
268 -445
965 -846
-296 -894
512 688
-345 -330
-163 435
-531 -925
-360 -652
763 492
361 302
-203 -43
-860 -63
196 15
95 532
-24 55
138 -605
747 303
807 -613
947 -373
-949 140
-513 850
465 136
845 -711
602 -134
528 -302
19 -619
-97 493
209 81
-57 -51
281 -949
-539 -412
-97 375
-398 851
-733 -757
-795 -76
-685 857
-474 324
-37 696
478 -183
446 821
-904 -531
830 268
-793 62
526 -338
-154 -893
885 -270
-339 409
-637 -669
-210 -562
-76 -497
41 -644
27 577
-792 -547
-419 -360
413 106
-467 -931
225 471
711 533
105 726
73 -389
-262 236
549 -631
-278 -533
-800 548
-479 -580
264 -995
-359 -34
415 766
417 -417
256 595
231 99
444 -284
-277 208
-435 -209
-747 -206
653 -550
-588 543
983 -837
-145 -237
108 215
-869 -936
650 219
508 -49
721 -820
95 -886
-918 -580
-780 -78
-660 -676
-835 759
864 -366
-997 10
-945 961
594 728
549 -118
-431 960
-649 5
-178 744
-681 958
-509 537
-568 756
-581 -381
-570 -487
552 469
867 -724
564 -940
-541 -853
-87 983
44 -358
-902 -319
501 -116
794 103
830 50
-182 333
-507 340
512 770
-635 -277
996 352
-444 -933
811 543
856 859
-531 -680
125 -817
287 360
168 -458
259 770
419 100
73 -872
439 907
816 890
-843 818
746 -455
313 -297
717 -210
-824 608
364 -249
-783 6
-562 644
100 726
-544 -677
934 987
-545 -532
-260 296
356 70
-957 823
-83 357
-938 91
925 714
999 108
