500
72 823
517 -971
-450 593
728 -736
590 734
-119 -789
242 -316
184 -249
881 -102
230 -68
-454 122
-264 201
-117 471
-100 231
-87 -459
994 -422
-658 -440
-26 51
791 -984
727 -135
-514 896
-122 -108
223 -243
-905 463
-900 -959
-771 -713
-600 299
-496 720
-778 466
181 -431
-292 738
190 928
15 496
-518 -690
455 588
351 122
829 -403
882 -420
-88 -334
949 -986
171 -758
728 636
632 -839
-492 -667
-504 -520
873 -2
-414 -637
726 -883
-590 -915
-688 483
51 920
-228 -98
563 -524
818 689
140 -639
-593 -325
885 788
-30 -472
424 208
-766 -499
-431 66
713 -775
-750 -415
-575 293
-781 -597
-926 938
321 -899
276 -916
-837 -175
-255 261
530 735
211 -296
895 828
803 990
892 -911
-465 865
-316 176
-222 -951
-108 -153
295 200
989 603
842 -918
555 -897
-86 -841
-715 -10
43 890
-543 809
-115 -163
-226 863
-68 -635
930 148
96 81
939 -332
-651 878
814 880
367 -907
780 762
-590 724
272 -288
478 -257
550 443
387 -223
-981 316
-144 790
388 576
-202 -236
287 562
-903 189
-234 -523
-930 -862
289 408
383 -363
131 613
-164 -814
780 -660
231 -154
-604 947
-859 -706
472 625
295 740
-944 -152
-204 -637
-621 628
770 -461
-223 77
657 -306
68 -591
413 -951
282 -655
-991 118
906 238
157 92
-837 -166
-136 -43
-21 12
246 -684
-562 512
-810 -670
-264 -350
942 -727
-784 -693
-385 728
-318 992
604 -654
-892 -921
-479 508
70 -180
451 -397
974 546
-892 -404
389 537
134 676
564 -661
801 -178
125 767
385 -898
-356 194
-482 -577
-431 301
146 -990
576 -324
467 293
-714 583
367 -437
-818 -2
455 105
449 917
-900 364
493 141
423 533
42 -884
-536 -90
-166 -514
291 749
844 303
564 -127
-922 627
375 -555
-870 -880
576 28
-839 596
-450 886
-656 963
239 -36
96 -248
558 -648
-377 654
-415 -894
339 519
71 -618
-962 -736
141 983
-937 399
-314 -419
-120 -79
-217 730
139 -101
963 -210
684 -658
455 804
790 -573
-660 0
727 642
890 542
-206 461
828 -289
240 -486
685 -192
-146 -864
898 830
-714 -465
-289 -967
90 33
701 -941
792 -543
181 -185
863 160
-419 236
359 535
-787 -934
969 522
825 864
-858 -658
805 -308
-216 342
309 787
740 -46
615 898
-324 -938
-892 -25
-257 -54
836 -510
-825 -282
-307 -455
501 -713
559 692
-116 395
-872 97
90 -953
248 -877
966 74
-489 -603
-946 -979
787 733
-820 343
977 -123
878 -583
-564 112
-146 -730
-327 339
-848 248
-277 -273
551 -409
-382 -336
-134 -243
-481 161
-210 -416
-867 605
-893 193
-196 119
319 787
743 329
-495 -906
328 -652
250 -898
-535 -567
909 -619
138 -2
819 -461
-900 3
-75 -847
884 -232
-981 688
997 -871
-835 843
-428 -514
-436 -971
376 -31
-555 498
-829 463
-599 -930
309 636
-882 751
-608 -541
-221 -251
985 -252
-395 -321
-969 185
-54 902
674 544
-839 380
-593 -749
511 300
556 799
-998 744
487 914
153 -77
-541 -90
-634 911
-385 -48
84 738
751 779
-605 -942
345 749
739 748
-578 748
-212 113
-38 -18
-489 45
-398 -303
-299 998
307 965
710 713
737 580
-882 831
541 -441
-917 985
-197 -46
904 393
816 741
464 -840
-957 383
-300 252
646 600
216 845
538 637
-803 -728
222 -368
-312 -391
360 -204
715 204
-256 121
956 -604
892 994
622 -18
822 -760
208 290
613 849
-71 496
-633 -537
531 79
-195 356
35 797
710 15
-906 559
697 -486
-155 -629
616 782
368 636
613 320
394 625
-954 -574
-264 -998
-819 269
148 -542
750 874
-629 -102
382 494
-721 -266
418 -682
-507 137
-878 412
254 -686
-710 -145
-602 214
790 467
378 -600
-500 -782
-991 -608
-616 669
579 474
804 341
948 271
246 -944
260 -556
597 572
572 603
-726 -4
371 819
257 -767
-144 -129
-480 489
165 718
547 -223
616 -533
87 478
289 -501
61 -75
677 -744
-470 919
491 -957
283 718
-723 796
-216 -935
-378 -468
-517 -392
710 202
257 454
315 -287
671 437
-868 88
81 246
594 -881
420 -935
103 106
586 167
619 938
268 -31
605 512
178 -389
968 613
11 964
182 -863
-629 -537
49 872
146 -196
-660 -854
-749 236
-205 612
-206 -750
-688 -560
-855 -464
-38 -561
-377 -382
274 -540
-692 795
-696 594
233 -10
-570 -326
-202 617
-794 479
-534 182
35 698
-387 -234
807 703
-606 680
752 430
-662 -107
324 264
596 307
113 549
203 -147
778 -857
-73 141
60 -488
93 554
-190 835
-706 -763
-14 280
-698 373
490 -544
-698 -632
100 -347
258 12
398 -848
-962 -125
-730 286
-170 684
416 838
225 948
-992 -798
-841 217
783 -766
313 775
314 644
-534 -946
288 433
-184 812
-954 27
454 -921
427 31
652 -528
880 -265
-89 218
-129 522
-709 -389
-420 -958
353 437
-840 120
524 96
-498 -901
560 780
803 -106
-985 -996
-714 456
568 644
-548 -742
-864 363
-91 -938
-302 -402
53 -335
-313 842
-361 -744
394 -720
456 542
-291 115
-691 964
-937 44
460 -516
-979 562
