5000
6214 -208
-4009 10054
6291 -863
6152 7017
-1772 1631
-426 12255
9576 8319
6334 1629
-13892 -9522
8030 -1429
10067 7328
1890 9166
-6962 7905
277 13891
11785 10622
-8912 198
543 -15995
6113 13041
6454 7537
4349 -6638
-1254 5576
-7955 -14006
4294 8934
-7996 2791
-15516 9003
-7794 11939
10056 14645
2309 -11017
-14714 10172
12986 -860
1666 -8678
14484 -3885
15825 -9098
6461 -4021
-15410 4986
-12695 12266
-4250 -7915
-828 6108
11866 -1096
5519 7662
-13900 3022
-13030 5410
-13274 15295
-14492 -9540
190 10551
7976 -6033
12563 7625
-7 -6578
15635 -2290
-12213 -10586
-7881 4554
6362 15127
-11422 12263
9096 14103
-8953 -10429
4625 -4415
-11215 -11951
-1466 -13564
-9986 -14519
-11864 7441
14317 -5209
-8163 13903
13823 -9897
6085 14152
4879 -10537
-14396 5125
12756 8965
-8708 -5345
15873 6460
-2556 4329
8876 640
12198 -13317
3553 5826
-14793 4645
-3441 -899
-5146 -15685
994 9999
8445 -10387
13999 -6254
-15681 -10173
8085 -14441
3220 -13027
567 911
13311 12133
12194 -3387
-7526 -10206
5230 3123
13665 5793
-10739 -7099
12664 9587
7669 -6732
11288 12317
4458 -6417
-5427 -9008
7711 -5327
5883 6728
-13009 3084
3541 8712
-8580 11970
-10089 -12174
5716 -11005
-6399 -8133
-12613 6450
-7721 10771
-3186 -1081
12508 12153
8190 -3880
-15232 -8993
-9406 11407
-14197 11108
15286 -14096
15402 7816
15449 -10176
-3819 3687
6703 -10078
13107 13370
14267 -4830
15316 897
-15573 6918
-140 6249
-8221 -3177
14261 -6567
1768 6745
-12578 7202
-9335 9316
4612 -5524
-6668 3879
-10905 -3306
-13120 -5727
-1337 14773
-11466 -7958
9637 -118
-12129 9052
11580 -5113
-9089 -12313
-10795 3059
4211 11507
-9499 -10118
-14609 -14290
-30 12836
7734 14516
-3612 -15604
-3998 10520
-2274 11160
7365 -10112
2535 10328
-10147 -8862
-5992 -5059
-1375 4889
11457 -12232
-5911 3799
-7501 -5736
12767 -7452
2690 -12739
3149 15233
2826 -2447
13488 2304
-414 15058
-8730 14752
-1385 6775
-4528 10558
-2831 13652
-12626 -13514
-13675 -1698
14169 3914
-14204 -9170
13489 -748
-13750 -3216
-44 2315
2704 -3453
3704 -4795
8024 -14906
7631 7847
-6151 -4918
-7071 3733
6751 -14519
10565 10707
-13346 6806
1079 -4843
-2080 12638
12878 14766
8760 188
-14863 -7537
-6275 969
-8093 -2379
6297 -11184
-13087 985
14646 506
-11600 -2226
-5326 -3661
5089 5749
5380 -11267
-13773 -10713
9481 3669
-7348 -8354
10014 11400
-4119 -9733
-1868 9869
13747 9442
-10998 3684
-5417 14242
11222 -5393
-620 -5970
-15177 -14406
-3877 8210
10437 -561
62 -1332
-15136 -6179
-11993 -9934
-12277 -12893
6594 12383
-1297 -15055
6545 -15718
-12920 -11722
-7858 15266
5129 4241
-7941 -5577
5208 2317
-12318 -9641
-7415 9983
12883 9828
11625 4852
14276 15844
-9847 -15040
3183 8569
9197 -11380
-12740 -3265
9248 1851
8595 -14181
2403 11591
-1037 4864
2246 804
8896 7873
15085 -7741
-2644 -11708
7268 -5904
-2960 -10793
-7669 13485
-8582 -12036
7529 -1829
10505 11694
8444 -175
-5083 12307
2002 11383
-9105 -8319
7282 15432
-5924 10455
-5535 7939
-6190 1055
-8856 5662
4338 10860
2255 13358
11911 -5576
11680 -2922
14134 -954
-5636 -7877
-2504 13063
4262 -4764
-4589 -15401
8833 14840
9654 6799
326 2094
-4363 7052
8283 1506
-5075 -6549
102 11061
7764 -8027
911 -250
-5226 -15854
2338 13963
6369 2563
14068 -8664
-11392 3755
-15912 15083
11232 -8394
13207 -6847
6504 -1626
2313 8800
-10383 -5457
6487 3929
16 -8456
11657 5148
12886 843
12968 -13336
-8637 -13196
6786 -12335
10074 -10388
11419 -15314
10837 -12769
-5118 -11342
6513 5003
4413 -11233
775 -1788
13413 8065
-4666 691
-7719 -12352
11403 -847
-5250 -7259
3094 12153
-10231 -611
-7065 -564
-14004 -11728
-11093 13156
-15134 5813
14104 -6580
14053 -7345
1000 14638
-9740 3213
15171 5975
-4923 9657
13817 12485
-1240 -1837
-6887 1968
14563 -11500
-4406 14895
-2741 -11190
-9969 11433
4966 -10844
10669 -2537
-8057 -9802
6062 4299
8410 9792
-7043 -3938
15572 3465
4756 -15466
7530 -7051
-13092 3877
10049 -15557
-8651 -8336
15965 -758
-9416 -6934
9890 -300
5061 -383
-15711 4633
-8826 -7695
1900 13847
-11695 12595
11351 15651
-3920 -265
-11617 13272
-799 -9240
8831 -2926
13041 11700
1790 -4345
14330 -11419
10672 11000
4639 -4302
-113 13414
13570 -12249
-958 -5989
15265 -13117
9163 20
-8358 15765
11645 8706
-12158 -8165
-11683 -6555
15022 3817
933 -13560
392 15787
-2485 11782
13983 246
4593 12672
12898 -15588
-13879 -10727
-12250 -5523
-10833 11034
-6227 -6954
9195 11652
290 1271
1588 -10807
7211 -5685
-14218 9293
7052 -6462
-12996 -2724
-10502 9387
-12448 -8940
1121 14266
-8320 8467
-1348 -14685
8733 6313
-14579 -2936
-2964 -15479
-10241 11705
-12310 -15536
13539 -4843
-12180 -7531
5542 11062
15287 7614
3291 -11940
-9145 14799
3257 -12908
-10778 -9630
13166 3088
7165 10686
-15846 -9395
-15218 -12718
-9458 -1527
14546 -13759
-2440 3687
-3561 10104
914 10065
15959 -11856
7045 -11178
-9983 -2448
15401 -8067
-938 5748
14142 6581
-7647 9765
6445 12859
7792 -3042
10667 -11581
-11461 11601
11772 8753
-1425 -1363
13219 -2404
5191 11092
11756 13361
-15574 -4963
1034 -3791
-3387 -10019
-5644 4005
11679 -2046
10187 8971
10240 -3372
-7823 12079
-9451 -1188
10672 9073
-9479 9542
7562 1699
-15270 14709
11418 6554
7947 6755
-7645 -703
-15465 4264
689 5823
13953 -3128
9573 -13041
-3792 5879
-8733 -5617
12010 -5232
-685 13108
-5069 11840
7480 12438
-6818 10265
3853 15095
-14890 -3308
-2587 -8714
14704 14461
10050 -9780
-5068 -4519
5290 -11700
-15071 -7247
-3267 9050
12277 -2876
10811 13449
-13942 -6226
5002 8347
-13808 12362
-6279 -15375
-438 9810
13333 -5796
2239 -8122
-12695 1868
-3534 -628
-12999 2702
14623 7763
-15705 8216
1853 -14249
15088 -13150
2367 13598
4324 4378
-7757 -2883
-15081 10505
-9384 13915
-9399 -644
-10432 -12888
-13928 909
2402 3215
-12398 8870
-12722 14497
-6152 5383
-146 -8459
2583 -13310
5155 -812
-13109 2555
-15275 14015
9657 7343
3021 7935
-1830 2923
15283 756
15933 -1251
-342 -15936
-13977 -835
-10799 -14333
-11230 6235
-3529 -10620
7983 -7126
-8689 8711
-2331 24
2327 1769
-611 -12395
14316 -8805
-553 -4048
-4988 -1478
6459 4687
-67 9690
3082 2776
4085 -10913
9389 -10259
955 -6705
2345 -1780
-543 11063
3530 -15026
3428 -10844
4606 14562
3999 -774
-7870 -8748
15131 11667
12521 5662
-3683 12117
-2077 -14316
-11564 5676
243 -6639
5304 -13479
-10749 -641
-271 -3874
15585 7038
-1577 14476
14202 -13221
-9559 -12681
13271 -11487
-2649 6500
-2287 11004
4041 11931
-2183 -6803
-11544 -5125
-4535 15821
-12218 13564
-3905 14613
-11563 -9956
-12405 -4477
9011 -11546
-3288 11586
14049 15000
-14359 11931
8983 -1892
14262 -14813
-11470 10134
3059 -9114
-12394 -4253
14162 -13945
-13112 -15241
3190 10582
-5036 -5851
-4871 -3303
-4037 7814
12797 4007
-4535 -15396
-1546 -10416
-636 2301
-10164 15176
10541 -15660
1833 -3480
-2045 15250
-4807 10280
-11432 -4236
-5832 -10149
5790 3777
-13803 8385
-14213 -9545
8234 10194
-389 8422
-6948 7363
-14750 -8258
-13057 -12628
-1548 -13084
-7546 -6603
-15512 -6971
-709 -1191
12093 -9163
14870 14952
8707 -11584
15292 9571
8337 -544
9991 5013
9619 8393
4003 -8551
4696 6642
-9684 15743
6778 -15441
-14183 7285
8167 11428
-6875 11839
12236 -2320
11357 2216
-4402 -10857
-9202 3049
8324 -8222
6863 10894
5527 -10325
6805 1796
1474 4935
12358 -10861
-7698 -5892
-12107 -6794
1230 2768
8448 2444
-281 -1871
-10953 -4374
-5404 4241
12422 -3655
2148 -7667
-10588 -8261
15373 -3145
-6490 -4312
4106 -13847
-9616 -446
-3411 -12044
9498 2137
-5771 -15309
9402 1618
12637 14352
14762 15485
3263 14319
2203 -14952
-9754 -4054
-5391 -10577
-3711 -9969
-9428 -12883
-13716 -9374
-5722 -9916
-960 5674
-1620 -1398
-10416 2984
-5013 12970
11638 -3494
8177 -10644
-636 -8309
960 -12453
15372 -7737
8277 9118
9717 14448
-1893 -10660
-5584 -12785
10989 -10476
-13437 11791
5363 -14337
-14304 -1422
3626 232
988 -1732
11615 -8135
14599 -12211
1752 15666
6598 3854
-1137 -8919
744 3267
5976 7588
-2146 -5000
-13188 -5862
8516 13177
-7883 -2925
1961 4559
1935 9392
-4121 12199
11358 -4467
-3237 -13974
-9901 -15885
-7942 -1789
-6448 2884
14175 10488
-9331 -3450
-10312 15693
3550 14103
-15617 -11979
10862 9711
15351 -14767
14194 -139
14642 2968
-3486 -709
15374 9355
-488 3329
9312 4099
-3543 2660
-5209 8035
5322 -10226
-7586 10857
2193 -15182
-7427 -4712
5275 -9742
-8022 3380
4865 3853
-15266 -2152
1637 -13278
12616 -12331
-14083 -6547
7839 13373
4695 -8572
5450 -13855
-9213 6100
-674 11318
14006 9990
-4938 7296
7918 -7656
-11408 -5333
-4833 -7077
12225 -14717
-12807 -8018
10147 10903
12205 -11859
9171 3776
-1416 10807
9355 8601
5226 8508
11161 -10194
9522 -3109
1047 -12254
-15260 -13736
2785 -10954
-15996 -158
9367 4950
-4096 -5032
-12822 432
14373 -10291
8749 -7171
4548 -4803
8890 -8656
1039 -15251
2769 -8668
5057 -8255
8805 7489
15104 11449
3161 7941
-13184 529
14150 -8742
14096 -13880
-7847 10590
-9307 -6480
-12447 -1994
-538 -6295
586 5416
-6595 -14274
967 -1750
9640 6448
4650 2880
-8934 -10827
11159 7952
-1438 -366
6125 -8882
5318 9512
-37 2252
6630 -7490
8625 10662
8222 1442
-6099 13861
7075 -11671
-8934 3786
9841 -12016
14583 13207
4355 12040
-14666 -3019
-5800 -14552
15025 1372
14427 -8118
-554 -9921
9260 12573
280 5561
13523 -2208
-4051 -4574
-5388 3251
1587 523
2845 -2526
841 -9196
-6888 12044
11104 -10556
-474 -6762
-15665 -14335
8220 14382
1744 -13823
-5668 9024
-9163 3018
-8283 -10991
-4499 11593
7580 10472
11431 6774
12380 -11245
-11083 13364
2724 -10425
-3245 -9472
12525 14329
-7169 2001
5379 -14990
-7755 -9672
10531 12154
11970 -13933
2942 -8916
16 -9797
14495 2727
-7969 -7090
1550 -7838
5336 -5857
3112 -3584
4523 -2476
7691 2693
4225 7881
11750 -12342
-6461 -79
-4439 -3621
2274 -9721
12467 -12447
2962 13709
2683 -12512
14187 -11948
-6791 -4054
-11966 -11624
2 13965
5148 -9513
9586 13162
-7884 8417
10309 -6652
9395 8161
853 -7249
-12032 -11593
1617 -1119
-10279 -11906
15651 10187
-8108 3353
7552 -5603
-1404 -1959
-14610 8764
-11943 10153
-14315 -8131
-1194 -12076
-15173 -1146
1902 -3997
13009 13638
-14121 7154
9199 1347
-15665 11381
-2254 -5646
14256 -4324
-7080 11336
14582 -3892
7905 -12132
-4226 12478
-11634 83
13118 13692
-9257 -15958
-4654 -4629
11759 5525
-12987 2208
-8098 14734
-12045 8684
-1087 -12371
11802 -10185
-2516 -14177
-162 -868
3967 2905
-12514 -1553
6696 5230
200 -12448
-4548 9017
-6366 11874
-5822 1963
-12981 14427
7318 -5461
9371 4020
-12648 12486
14527 871
-7367 -5186
7839 -12339
-13867 15041
-8165 -7516
-1208 15639
-9050 3332
6525 9224
4029 10316
2728 2290
-2146 -5418
-1310 1679
8674 -2111
10544 -2945
15588 -15163
-3770 -5717
-7041 9598
14239 -8725
-10062 1168
-4280 -1073
-1549 -9744
2600 -14024
11698 8867
-13030 15585
4911 -5529
-13563 -15628
-10712 14441
209 -14918
13964 -585
9541 14903
5059 -8295
-11041 2067
-1429 10587
-14363 -12692
9509 -9090
8645 11430
-13473 1982
-7271 2031
-15093 11361
-6381 -947
-10263 -14036
-12556 -6713
5645 8101
-10541 10143
-2183 -13728
-7427 12713
-574 1776
-8607 -991
15777 -11810
13296 2542
-5132 -1284
11996 11396
14408 -12083
-4563 3250
7414 10125
-7943 5957
-8287 -9771
-12687 11701
11521 1349
-1426 -5954
4117 3165
-15873 2958
-7470 8775
1375 4888
-1349 10002
3404 -8477
7471 -10066
-1742 14600
-12879 145
-12922 -1894
-15096 8449
-227 -10855
-11416 13192
-6214 -4993
6452 -14959
14153 -14455
-15071 10823
10746 -7457
462 11973
6687 -388
12696 -1926
-11589 -281
-6066 12843
9332 -15965
-3631 8855
-9757 6504
10750 12825
7450 -7489
11278 -13327
12637 -11081
14625 2217
-4386 -15471
-5792 -1961
6378 -11180
-15783 9793
-2512 10351
-7560 -8024
7344 -11144
-13530 -13513
6855 -8503
-6031 -1746
12416 -13310
-2298 9285
8537 7172
-12349 9746
-1873 3205
-11170 6031
14321 -7498
-9567 12257
-10896 9582
-10718 -13232
-1496 15194
15597 13876
11993 -14649
7665 11166
-12380 15613
-12320 -11028
8931 -8029
9267 15649
3052 -2235
-11452 8642
-1034 -15409
7574 -568
3000 -1692
3663 9464
-5679 15215
14408 -6988
1036 7333
-4784 14229
-15750 -3343
-13704 -11066
-3761 2597
2965 -6832
2844 -8792
419 9851
-6577 -1171
7364 -187
-5304 -9655
15836 -2105
9924 14775
4372 4871
-3053 -1976
-15110 -15734
9968 -7699
-11806 5191
-15066 -8750
-8789 14392
-15990 -7456
-9884 -7476
6004 15668
11693 5828
8878 7459
6004 -13541
-11267 10050
-14209 7235
258 -12050
4155 752
14591 2957
8181 11330
-15040 15705
6848 -1908
-19 -15873
-15242 -833
-4727 -12091
-6622 9427
-6146 -14146
9679 13049
-10757 -3670
-7399 10021
-15824 578
10514 -8853
43 9646
14529 11212
-3716 -1916
-8220 -13654
13539 2072
1276 -11953
-12579 13830
5567 12670
-342 9585
12834 -3772
-10115 -873
-6194 -11979
12892 -5705
-14344 6654
4556 -12493
2490 -3742
-8943 -8802
1898 -9915
5169 -8397
-4384 981
-1430 5894
-410 2186
3905 7525
-14116 -14398
1822 -3143
13781 -6232
-4868 9051
-15212 2442
-10683 850
-5732 13769
904 -11918
-11515 13327
-4312 -8182
-813 8606
-9499 2504
15739 15161
5422 7396
11527 -11700
-12453 5539
-9245 12430
-7793 -292
-7460 9212
-388 -3351
3159 -10348
4728 3746
4775 -10291
-9006 9440
1717 2281
7491 2643
-2083 -170
-7897 553
-10398 15554
2870 8575
-7151 15061
5221 5733
-4459 -719
648 6779
13819 14320
8000 14044
-488 10710
-10611 -11334
-2101 3038
1169 377
769 -8427
5213 -12973
8026 -8621
-7692 14208
9357 15467
3678 -453
12030 -11187
-1776 6363
632 -3364
15453 14820
-5892 -979
-14284 -9357
15150 -11371
9431 8568
3661 8394
8496 2415
1341 11281
4522 6607
-3552 6986
-12612 10974
15517 290
-6347 -13275
9576 7507
12670 11904
-5538 6827
7041 3897
7164 -10607
-1021 14608
-10706 8157
7370 -5787
9587 -1030
3939 13548
-4637 13809
11709 -606
1876 -14172
-14852 1166
5690 -8689
-224 -4652
10876 7412
8078 -9232
-5038 -4867
-12125 -1876
-14660 -15749
3153 8036
2283 -2450
3691 13835
-14523 -4016
13128 6210
-12140 -305
10007 -5442
-828 8899
-5901 -14513
-15678 -2341
-7731 1165
-11623 -10047
10291 5273
-6852 117
12812 -10595
2350 -14336
-3889 -2583
15857 -8808
-254 4040
4534 4556
2556 -7140
7512 4328
14652 -14990
-9526 6192
7802 14322
-10833 -14585
-9638 6930
-8199 -3948
-4532 15538
-14187 -8107
7758 -8237
-9548 -2771
-9998 8446
-4249 15793
3002 10082
6403 -4251
-739 2960
5027 -6646
11644 -15900
6248 -4227
3585 -13346
10332 9072
8365 6791
-2522 553
-5911 9364
-15683 -15181
-784 -3304
6298 -207
-5358 9792
-2027 -2667
6286 207
-7099 14848
10238 5675
9911 15962
-9737 2653
-4279 13091
-15007 -8540
-2175 3889
-13405 -10845
2425 12240
633 -12973
8153 1035
-12137 -10682
-14054 -8307
-8336 11166
12008 7913
-8210 -8893
-7134 -14849
-10183 -4184
1086 -5569
-2847 11129
5605 -8888
233 12913
6519 -2707
15292 -5092
9616 8113
-2907 7039
-537 15557
3169 1791
-113 8126
-11689 -12037
3716 -441
15475 -2354
14060 3878
10644 -5563
-10720 1946
9792 1004
5782 6958
-8682 -2092
15575 14242
-14235 4547
-15941 3978
13731 10216
12041 -15827
14766 -4154
13293 -5760
-13487 8619
-2296 -10326
4256 -4260
11832 -12025
3178 -15951
13813 5559
-12647 12563
-10763 1699
-8268 -10135
5266 -9395
13057 -5726
-10469 -13367
-2337 -4783
-11400 7144
-2551 -13285
858 -6782
-12552 3969
-5533 2723
-14694 -3725
-9512 15008
-8197 -2447
-6875 13919
-11877 6873
2313 -15592
14812 8782
278 7770
10807 9645
14820 -3665
10607 11127
-5041 1450
-14458 12999
9614 5110
457 -2899
-652 12550
-6879 15461
5957 -3319
11725 8341
1538 15286
-9760 5370
-5654 -7412
-11500 13251
11976 -9247
15259 2377
1761 -5791
-6417 11496
-6746 15700
-4991 5693
8292 -15850
-4297 -897
-3645 4890
6229 -7766
7605 -10220
755 2711
-2074 -5090
7850 303
-4376 5603
-2792 -1694
-396 -2274
12970 13051
-3968 10438
-6994 4527
-15769 11527
15114 -13454
-11462 4286
-12271 -3693
-9181 1343
-12320 -11014
-13392 2263
6997 -5513
1987 11280
-14689 9278
6119 -3283
5585 3099
6580 1280
-14873 15082
5142 15882
11935 11376
-9288 7877
9305 7453
-14326 -4589
10861 3020
8762 5030
-11340 -12799
10627 -3383
-3668 -9925
-3010 7612
7377 -12599
1952 -6959
15375 6093
-11626 -234
2497 -12188
3658 -7566
-15048 1152
-13370 3941
-2895 -12731
8063 -1111
7819 10510
-7856 -5588
7392 -15349
-597 13956
-13433 3728
13143 15912
147 6900
12329 -15085
-3659 -12931
781 -10637
-9677 2386
6872 -12094
-12726 -5043
15378 14267
-746 12531
-8928 14483
-8116 -14960
-12949 14123
-13907 10685
5272 -342
-10579 11708
5633 -4898
4898 9262
9523 6809
925 -13744
-1710 -15870
13408 -11643
13849 -10261
250 10798
14369 10705
10278 862
-9970 -10097
12865 3080
4722 -10125
-13381 -2919
15447 -1447
-6260 -14506
4966 4038
5514 5212
-14700 -10351
5204 -9808
9379 1392
-13302 -8230
-8905 -4130
8806 13236
-951 2012
-15353 11617
13400 3069
-11926 6727
1130 -12047
-5062 14086
6164 1072
-13433 3658
-14615 1731
-13015 -14307
6883 15097
15961 929
4368 6189
-227 -2363
-9405 14764
2515 -10005
3255 2466
-8426 13183
-7741 -7311
5916 9872
-11237 -10009
10647 -13025
-5690 2720
303 -10256
12491 12803
14875 -4246
4559 -12717
-11015 13491
-10007 -12552
15380 3508
1131 14833
9708 6313
-14969 -8432
-13988 -3675
-3071 -6626
13516 -4858
-4132 12027
13609 3897
2032 6860
3831 8858
13112 4058
8617 -2834
-11773 7531
-12704 11738
11223 13274
3355 13758
-5340 -1290
9094 11313
-4016 1333
14672 11866
1253 3814
7420 -11559
-3273 7049
-10727 -12516
7086 4423
12494 6598
-12528 7797
7745 -6965
5065 -14436
-5813 1529
-14161 -14294
-2854 -3733
3323 -14623
2754 9784
7936 -7126
8097 10982
-76 5164
6460 -6291
-9925 1577
-5830 -15811
-10602 10798
10825 13734
-9700 -15597
-15549 8286
889 7131
6879 3946
5523 -9564
15331 6676
-9822 -13473
86 15420
1006 15302
10953 -15577
7230 -13708
40 15162
-3759 3625
6816 -14500
-11904 9649
-8416 -1837
10717 -117
-6533 3569
3733 12470
-14967 -3711
-1553 2940
-11686 12538
-1401 -6030
-3032 9399
-15732 1390
11429 8497
15744 -8206
15943 -739
-3439 -5543
0 -8928
-1894 -9221
-12375 -2516
-2012 12129
5501 -6432
-74 -10013
-3624 15125
-8184 656
-12363 8522
-9219 -10541
7571 -14589
14132 6175
12960 -13937
11994 -2145
-3137 -1567
6883 -5465
-5815 11435
-5791 -6569
-13370 -10814
11550 1620
3980 -10586
12004 -1737
-2347 13125
-4532 -1984
-15650 -3132
975 -3765
7245 -11945
-12003 -3269
6682 9279
5328 -4755
6068 -7795
1500 -7832
3724 8496
-3411 9378
7731 13250
-10071 13829
-3868 -6087
-14636 -2726
-7230 -10614
-15482 -1564
4308 -3481
2407 -12842
11528 11228
15431 -6842
-2933 -11679
-5763 -10176
-1210 2134
9319 8735
15516 -6265
-14688 -2217
-11399 10298
10351 5211
12888 6257
15389 -739
-8656 12790
12854 10544
-11577 1347
14875 15502
-2363 -1795
7231 13666
10922 -8449
-15637 -11784
-14804 -5276
8367 -8461
-8230 -14838
-13740 5711
-8873 -13461
-1775 -275
-15269 -14492
12613 9019
-3014 -9219
-4946 -10999
8337 -5911
-12275 -13772
-1973 2588
12083 7420
13881 14206
-6289 -12249
-10874 -9751
386 13771
-14649 4158
5955 9159
-6936 15754
-12036 -8455
1847 8124
-1432 2484
15330 10034
10242 13458
7077 6963
13249 -9335
-10523 -13555
7784 -2648
-3277 -6520
8250 -5407
7578 11481
461 180
10051 11126
5576 -14107
13651 6658
8096 -4007
-9469 -9208
-1304 944
15601 13988
-4589 9718
-15880 15947
5923 9022
15339 4198
-8698 -8392
12031 174
12262 -9346
2199 1111
15315 10920
7590 -13908
9513 -2426
-3375 -15681
-6509 10832
-8159 -14686
-899 -14274
-14908 -14161
-12843 7209
14777 7102
-15908 8851
-15466 3759
2031 895
-15111 10128
11530 9930
7332 3879
15841 -3459
13361 -4719
-2288 1644
-14255 -11406
7234 -9673
-13236 6554
-15626 3675
-10362 1255
-15179 -11241
8796 -11099
-3172 6474
1272 3122
1107 13909
6583 -13765
8745 2778
4959 -2259
10134 -6626
-7546 -9262
-5219 15586
2088 -828
-6921 9003
-12361 13961
-4087 15554
670 -4266
2010 6694
-3347 9879
-1536 4458
1364 -3270
14762 -5879
9065 12999
3957 -12267
8365 70
-14236 15310
-14828 10864
5334 9764
-11265 -3177
3745 6537
-2312 -15831
14007 -15099
-14427 -6455
7883 1552
-5801 -3469
-7081 -14766
199 -11508
-14625 3705
-8357 -1976
-10969 14100
13476 146
1838 -5451
11440 14447
-13685 -10358
4243 11975
-12717 -330
13009 -10000
-2525 8965
4500 6338
-12607 -12687
12741 7052
14091 9579
7787 6303
-9875 -6919
3213 -11014
3882 -7099
-2316 5141
6998 -13466
-8118 5829
15990 12397
9386 -10141
-608 -752
-7964 5345
-15748 -7711
-5051 1217
-705 7494
11833 -12511
-8643 -11394
-12372 -7537
-416 -13571
4146 -5083
1592 -3585
1026 -8873
15907 610
-4754 15601
6579 2331
-2544 -9549
1439 10851
-38 -13306
-7655 -14844
-8851 9250
10909 14371
-15193 -5301
-903 -4247
-10996 12089
-12605 14985
6341 13327
8145 -929
311 13014
1285 -14307
-12525 4988
-5333 -12812
-1861 -15558
-10494 12582
-14109 -5286
2801 12291
-9638 688
-2837 11580
-4840 -10232
-15901 9208
-4841 -12057
-13765 -7432
9323 7540
-12481 -9104
-3420 6863
-328 -8114
4781 283
7350 8980
-6297 9228
-13352 -7170
12804 -8899
-12333 -15814
-15163 -5988
-10321 -14303
3089 -1458
-14694 8196
-5678 -4739
9234 1277
-1031 15806
-8770 14399
2833 13572
6398 -6889
3228 390
13107 -14784
10004 752
15457 14671
7849 -6911
-7223 -7310
4357 -9581
10056 -15965
-2658 -15940
3767 -4764
14970 4073
-8764 -8745
4418 2414
-12085 -3505
10501 -13814
-2457 -2843
14016 7164
13419 -11014
-11676 -9617
2514 5763
10495 -5883
-11180 5748
10391 9176
2774 6025
3120 -5592
-7293 -15705
-4712 1885
-10253 12321
-5313 -2313
-14548 11597
-6300 -13668
-5200 14650
-2437 -12785
13986 -9838
-2088 -224
-12537 -8943
15654 8683
-5619 -7079
-3622 -11521
3343 2694
-9057 4921
15905 3884
-15090 3076
-1220 6949
7451 -8525
-2242 -5911
-13648 -1189
10667 11313
11291 3574
6951 13138
-11531 8576
3618 13422
-8246 -760
-15976 13931
7699 10
13514 2560
6407 -14821
-2465 5357
3548 -11603
15367 -11683
6760 11954
9035 2096
-10112 12817
-15629 10070
5050 -9233
15012 3424
-11645 -14785
6721 4799
-9132 -11059
4085 6433
778 -1081
1334 9300
8805 2258
-361 10271
2983 -9642
1705 -7623
4391 -13765
-11636 10314
1675 -14800
-6256 7993
-11212 10762
11003 -11609
804 4259
11320 -15271
2718 15566
-1371 -15618
1071 12371
54 11070
4904 -10626
-4761 -4877
-5474 9311
-9304 -1693
-6290 -6769
-2442 -8531
-6525 9863
-4003 -13702
-11901 -13622
4933 9585
15250 -9976
11396 8765
-15219 8664
-4011 3129
6714 2946
3328 12200
-11400 -11390
-12303 5891
-10810 9405
13188 3752
14492 -2409
2366 2202
-11276 -4048
3804 15659
-14669 -1269
-12328 13125
10805 9997
5754 3247
4846 -7791
-10570 8665
-8541 -4707
-6575 151
13279 -93
10734 15233
-12302 208
-3450 4195
-746 -9561
-6396 9682
-1566 9540
-14476 13950
-8704 -10486
-14827 6439
7498 15554
5179 -4071
-3323 -13520
7914 13910
5308 13263
-8870 -7618
-14913 -3335
-49 8909
-14392 -11053
-6268 13701
-457 3610
-4541 4236
7733 11491
-7623 7534
6343 6444
-8832 5320
10840 3815
-9476 60
11382 15618
10271 12571
11013 13016
-11338 12763
-13439 -12790
-8318 4157
15641 -9878
12072 6571
11765 2701
13860 11143
-5457 -1752
10913 -15760
6329 -8880
9079 -8673
-7920 13671
11582 -372
-8881 -8723
2620 -2575
11583 -9771
-4266 3982
-10581 -12024
14813 13009
-15159 12083
-3209 -13145
11482 -10185
-9867 -11156
-6226 -6797
2914 655
15767 902
-12252 1013
-414 14439
-14591 -15255
-282 11957
5295 -4889
-4128 8477
14860 14784
9647 6785
10770 5628
-5436 5349
-11295 331
-14743 15505
-11940 9533
10553 3751
1814 -5367
-12744 -3554
12291 -10545
1926 8434
-13206 9384
1470 15867
-1599 -15610
2444 -119
8880 -10695
-3064 -11280
-710 -5753
-15057 372
12321 -7534
12065 4131
3958 10593
-15131 9933
14389 13844
10398 2206
-5350 -5590
-2328 -11429
5227 5440
-7326 -1555
-10376 -15115
-7141 -13208
-10006 -12829
-13231 15917
-13143 10681
2621 5160
4629 -11938
-701 -14186
4422 14601
9318 8736
9691 -10953
10365 11100
12426 -3397
8159 7933
3732 6033
10829 -8672
4260 6688
-8991 -12409
-9070 8034
12576 15767
8518 -47
-9034 5707
6271 89
-6277 -3206
-10315 2662
-1543 4009
13087 11036
-11363 -11677
15422 -12346
11816 13926
-1310 5398
-15129 4796
-6431 3166
15726 -1049
180 8146
10118 -12828
-9013 3661
15458 229
187 -14329
5826 3141
-9683 -9457
4873 12309
-14642 -12720
-561 3375
-5879 11207
14156 1562
7720 2690
-13295 10978
2161 6116
15739 2753
14650 -3185
-7866 -2535
-5778 -9565
15095 6408
-1793 12080
-13655 -1797
10 10744
-9465 -354
9315 -3630
3815 6785
619 -5438
-14554 14008
1755 -14060
-1285 11854
11540 -11268
1065 5903
15543 4453
-10021 15056
-7279 -15375
6427 -13868
-8248 11757
7546 4460
6022 10954
9348 15312
-6169 -12376
-4502 -6595
2726 -204
-2038 -6092
-11511 12051
2244 8065
9862 4032
11806 -129
-10421 -15502
14508 10028
-5983 -14331
13437 14832
-8703 -1426
-1351 12198
-3876 -11459
-10344 -11183
-5510 9644
10271 11889
-14055 4288
2818 13189
10264 -3812
-6102 -10903
-2359 8494
-2694 471
8564 13510
-3240 1569
-13595 -8540
-15948 -7793
-3005 10678
7613 203
-2919 -1144
5543 -14751
-10207 -14568
-4312 14257
-12182 12280
642 -13857
-1621 15246
-11324 -12040
-10925 -4034
14811 4761
9856 -10312
-6296 -12480
-64 -12380
5796 -11075
9809 -14317
-14722 11007
14060 -2382
6785 -4187
-4375 14204
-1829 125
9173 3403
-6800 -11368
-14343 -5987
-14502 -10711
-9921 4257
-7522 -6048
11405 15867
-845 -4364
-13866 -8916
-9004 12061
-836 1332
-7864 -8740
-7706 3893
3824 -7759
-12818 -11363
-3017 12306
13165 12674
-3651 -9557
14026 -9342
14452 -5961
-7684 -7722
-11298 -15791
-8092 -6888
6822 -4002
4429 -9523
-12587 -6631
12305 -14360
-13243 7952
5238 13561
5173 -12796
13826 -2754
8161 4688
-13930 11451
2555 -5825
11168 -11416
-10168 15425
-1337 13097
-2114 -13173
11807 -834
-1271 13265
-14083 -4114
6114 14353
12985 -5419
10291 -12575
-14336 -10187
-8850 -12565
-11079 -8234
-4653 -150
-10324 8818
-10962 15933
8154 -1224
4563 12349
-11792 -12109
3338 -10559
14840 5917
-7705 12124
884 -2150
10915 -14203
-11262 -5749
5270 10667
8700 -1918
15403 -1589
-6877 -3547
-3928 12545
11539 -1977
13524 4813
-15116 8900
15851 -12327
-4075 3509
-2145 -2825
-1679 13036
-3533 1936
3789 -7727
-12409 8068
-5020 15629
-15951 -854
6747 -4833
9834 -5053
4313 7770
530 -12592
-15477 -10324
12556 -2744
10748 12541
15201 -5250
7224 4132
-2204 -4656
-7266 -9534
3183 -15205
-909 4222
-5755 -5816
15407 -10300
-10117 -3631
4930 3941
5538 14055
7794 -8079
6738 -7310
11506 -15275
-14327 -1879
11965 -5162
12498 -1459
-708 -1652
3303 -6024
-1166 -15867
2221 9831
-5928 -3910
10368 9181
5467 -11692
-1688 -9505
-6692 -5278
-8391 5212
-7700 14224
1119 196
-15978 5894
10412 13811
-7118 5304
5548 8063
6292 13289
-6497 -8954
-7008 -3136
-11356 14422
-10297 15847
-12194 5315
8837 -12263
8022 11686
14590 5731
2652 -7362
-3701 4250
-7591 -900
-15476 3677
15861 -12355
-8350 10701
11952 5726
3586 -10936
3164 -8693
12430 8029
-2109 -7355
-7555 -10562
14725 4497
15670 11081
13329 12383
-4041 9507
13230 -6746
-13446 -355
15629 3284
13101 13073
-8672 14814
-5083 -7882
3734 -1621
3978 -6707
2084 12679
12119 12824
14734 -11141
-4104 796
8567 433
-7930 7000
-7145 -8525
-8618 -14300
-2833 -4783
-10549 -3271
-5335 -7882
-4767 15977
9020 928
13351 8557
-290 -7206
-10916 -13553
-11906 -3519
1883 -2617
-700 9660
-8798 -584
2039 2553
15849 -820
-7534 -3017
8614 -6806
-7197 -1674
1820 -2818
12757 11025
-11682 -3817
13802 -2467
12438 2863
2154 -2562
-7 13449
-5099 10486
13759 -13621
3756 -11526
-6017 9227
15875 -5698
-8313 8933
-11456 14050
-1263 14655
-2839 -6864
-5228 -7506
-5139 -15876
1438 -14211
-339 -10079
-7541 -15408
-13436 -13737
13393 10851
-3095 10414
1596 15554
-1130 -6348
-267 -9824
-451 -14439
-5455 -5975
3015 7294
2345 10716
-9366 475
-4269 -8353
7735 11448
13342 6926
3224 12556
-10453 -14908
-3728 -7319
-12663 -448
-15654 -15946
-2312 2472
7746 164
14407 -9244
-5201 -1977
-6487 -3455
6294 -1187
14869 -4916
-12527 9905
-7111 -7918
-9936 -12536
14048 14441
10925 15002
-3963 4833
-6576 -8716
-12652 6874
-15603 -12620
8195 15039
-104 -13386
2304 12402
4658 9589
13334 -698
-4887 -6101
-4691 4318
8508 -8200
-11537 10968
2643 -13016
14245 -10022
-853 11587
-14276 -14181
6547 -6548
11239 12578
3864 13747
-10145 4333
11134 -1231
3099 -10188
-4836 15904
-14316 8469
-11472 -6763
9055 -12672
-15727 -4104
12738 6310
-13066 11166
-3099 -14810
-961 -11324
6321 -7724
-6847 -4135
3220 11392
-13167 -3202
14642 -6473
1231 -15296
12837 -1676
14259 -7958
15303 12646
-7223 8113
4138 5542
9177 1799
2112 7200
-12987 15361
12978 -9403
-6904 1783
-12981 11109
-3124 -6169
-13075 -12554
-8762 4574
2881 12549
14408 3930
7633 4433
-9327 -5249
-12127 9980
6777 -1606
-10232 1561
10762 12726
-77 -4205
-4385 12588
13691 -5357
-4016 -3401
-11634 3543
8169 12858
11058 -15856
14744 12235
9391 12933
13126 12238
-11898 -7658
5329 -1811
-13205 -5637
-6466 -3683
-12145 -15016
-12071 -5336
-8786 1469
-10109 -7049
-3418 -12651
10940 14316
13030 10959
-421 7435
-11338 6638
-12966 -7935
9135 -14318
-2934 5666
-7463 941
-5645 -1456
-1019 1026
-7481 -3702
-6739 15201
-752 -7272
5079 -14684
-15301 -12877
-3677 -3800
-13599 9833
10172 -13925
12561 8605
2546 -11585
-13190 -5937
-212 -10920
-12793 -9929
-14874 -7815
-6568 -6140
9345 -14068
3901 14746
9074 -1089
7807 -840
-7875 1259
-824 -13523
-1047 -687
5962 15110
10463 -1276
2083 -8524
9916 -1772
13513 2839
-12882 -9612
15516 11952
5720 2990
-6576 14832
13751 5697
15696 -1500
-756 13993
-4866 -14748
-2167 -666
-924 -2787
1333 13742
-5853 -5575
6738 11059
-12362 -9106
-12037 5777
12894 15839
-1223 10378
12724 -14917
14405 14242
3059 845
-15687 427
-12114 4918
-11727 2845
14311 -11142
-834 -79
9500 2221
10163 -12079
14764 -5627
14920 -11643
9708 9463
7478 -9642
15638 -14192
-6178 -14290
9896 -1636
5020 3786
8583 8368
-5750 8572
-12336 8127
-1064 13114
-6630 -10658
-1679 -11102
9313 -887
-3721 14413
10766 6507
-10083 2414
2662 10708
424 -9697
5362 10222
-11270 10504
12958 -11378
11473 -3791
10197 -4944
14991 -8997
-3563 -4581
-1170 8569
4559 -4031
7096 -15574
432 13768
313 917
-3323 3021
-8643 -5512
-1424 -2337
-580 -7349
10635 3606
-3530 11435
3080 -4881
-9553 -6724
-7948 -14296
11824 -10194
8696 -4122
12617 7394
7405 -10506
-5956 6767
3564 5049
-7443 12700
4582 8712
472 8089
3138 -1733
-8536 -2460
12550 9899
-2876 -2131
-9600 4796
5942 11177
-5850 -12520
-2475 -14015
2866 6666
8757 708
-1127 3638
-10675 9244
13618 12601
-2274 -7088
-5610 8986
1784 -14712
-659 12522
496 14287
-10599 -10290
10742 -8151
7972 -11514
9388 12742
-1935 8387
2511 5333
10342 1885
621 -7427
-653 -870
-4007 -9968
14096 2908
-4949 -5882
-369 -6598
-39 340
-7865 -9494
13237 7569
2943 11201
11791 6284
-12621 12180
-705 -8946
9356 7587
1755 -4225
7541 2487
-8328 -9083
-3289 -250
-11778 10698
-1700 9997
-12780 -14710
9475 -9397
-14675 -5309
-15512 14723
7832 -14745
-11168 1070
-3250 -4375
3110 -9862
-3087 -4137
-78 -7083
9161 -5155
-15784 -11342
3453 12212
21 -14410
-10501 -10836
-2274 -1710
7920 -14722
-1478 -3904
-8711 -9627
15769 10661
13031 12705
3855 -9555
-3593 -14310
6691 -6591
2983 -4976
15299 -7214
-14532 2908
1755 -11657
-3889 -13223
-15983 -4748
-3740 12527
2041 -14997
11962 -3104
-1314 -1183
3741 12083
-1269 6926
-6123 11103
-12488 -12249
-7226 10660
15113 -9293
12767 205
13411 -5401
14202 -3979
-1708 5945
13236 4068
9508 -6477
-1176 14401
-14633 11972
-3250 -7398
5886 10455
15456 3725
1854 -4143
14592 1156
10186 3004
-15337 -10088
9355 6052
1968 -13137
-4558 3849
15294 -6702
-98 -3019
-5464 13751
-325 4232
-465 -14509
-9205 -6040
-14691 -3686
6863 -6938
9919 -15758
-15516 -1399
-2321 15525
-6186 -13110
4458 13176
-6649 2285
-10792 7098
-4332 -7318
9061 -4362
-10342 -15074
3132 -960
-3494 4714
3983 -15208
4558 -8097
14940 -14309
9076 -3939
6095 9218
-13820 3044
-12051 -9337
8791 -11191
-568 3434
-11000 199
13896 -5216
-13355 6241
5351 -9432
1946 4512
13708 -12619
-3447 6384
13972 -1608
6337 -1911
-4695 7477
12005 7390
-2843 5690
5382 -14918
-10761 8181
-15284 14278
14356 14353
15686 13220
-1434 -8748
-5934 8622
8949 13596
-7084 15300
-13963 -4645
6431 2329
11411 13592
-10186 -14209
-13844 11428
3595 -13190
9891 585
-2993 4979
14991 -2454
-1244 4321
11916 10178
9880 12178
9019 -258
10935 11403
15054 13053
6782 921
13742 -15181
14033 6211
-15324 3957
-14348 -11582
6206 12022
9486 -1364
-1124 8244
-8114 -3871
10488 12350
4242 -13433
10689 -9803
-3790 -6412
10607 3145
-1837 -13605
3081 8596
15750 3141
-13243 -7997
-5234 -8608
-9468 11589
-15813 8701
12016 14144
-1745 4467
1543 -4675
-2313 -14627
-15517 7724
5779 1637
13869 8421
-9797 -6459
-7587 11387
-10459 4392
13726 111
2814 -3092
2503 2838
-2332 -4840
-4558 -15267
-103 10021
-7267 -12087
-10756 9747
333 -1628
-11454 6104
9403 13903
-3334 -13661
7414 -10036
1022 14589
-14529 -14497
-11491 2765
-14197 -12270
-14522 -6335
9938 8667
-14000 4113
5673 -9600
9000 -6455
-5842 -2361
-612 -4844
-8620 -3376
3781 -2203
592 10305
-5783 2341
-5530 2537
14529 6830
15617 15290
9368 -10759
3299 5752
-8333 168
-13280 -2626
-13144 -7470
9450 -12189
-9750 -7142
-6434 -2364
-3586 -9123
-15762 -9684
-2977 -2362
-2662 -3110
8961 -12766
-8479 -6087
5658 -1661
-5790 -761
1618 6234
-8029 10173
-9482 -13991
-2907 -11297
-8924 -11125
-1713 -419
12994 3651
-14830 9348
8073 -13152
13084 -2920
-10645 14309
-2581 -12752
-23 -12039
9650 -14858
-463 -9691
8248 14041
-2408 -10178
-9755 -1183
-11950 -13257
14848 -7868
12063 13502
8432 5831
9617 -7579
13919 -8840
8153 793
-8867 5919
-6222 -7192
-9142 7171
-1140 5831
-7147 -13394
-8021 -1487
-2877 -9812
1122 3965
10528 -8741
13576 6819
-14532 14510
-286 1783
-8993 14051
2307 -7992
-9539 11016
-458 -9900
-3639 -13712
-14368 -13591
12548 -3365
-12232 -3943
-8435 15550
11158 -8978
-14162 1612
-13794 329
12570 -11544
-2558 11818
-293 -8537
-8357 8693
11382 13515
-2037 -11198
-6158 3466
8362 3548
8621 1498
7536 -556
8401 -9581
-11521 11530
13270 -15135
11755 -12805
8053 -11197
-12814 -12981
2192 4813
1595 10710
-12768 15347
-14502 15951
-460 -2583
11941 -12146
-12703 12435
-13833 -12149
-1663 -15416
5711 1780
12097 14026
13657 -6391
4986 -4074
6138 13247
-12223 -2012
10857 1087
-5288 385
11928 10798
6983 14751
13557 -8959
-7419 -7523
15175 1964
1619 10123
8732 -13774
-3722 -13170
12180 2470
6350 6843
-9828 -14746
-1683 5859
-2610 15149
13454 4172
10539 -10973
10157 -6245
-7131 -14635
-3521 -1125
10458 -10417
26 -4333
-15685 11527
-10420 -11011
-3944 -568
-2043 15337
-2034 -7492
11790 -1804
4428 -14342
11923 -2448
15702 -14386
8178 5844
-393 -1985
14247 -966
-11455 7354
-1362 2944
-4004 657
13694 14360
-2103 8151
5774 10555
-7500 -12703
-3361 -6604
-11485 -5181
-6470 -7048
11940 -9861
1138 278
-6166 -196
-14441 7333
-3294 15589
-2180 -15274
6339 -3072
-3097 5265
-15071 -1412
-11744 -8446
4375 13361
-357 5543
9799 -5063
635 -11449
-13006 11947
-5695 8736
13378 10243
-4020 -15751
-6657 -14321
10246 -7242
-12424 -1282
8932 -5986
-4289 3467
4847 8883
-10606 13028
10857 -13704
12110 -11896
-3840 -13407
-5811 -5651
-3886 -14150
5864 -5745
-6274 14763
-7820 15587
-15362 -8488
12911 3592
-4468 -2532
-602 11318
-9634 -1899
8011 -12762
5028 6766
-3324 -15381
5307 -3113
8458 -8565
-5517 8408
7675 1686
12503 -5894
14125 -6577
12187 5107
7677 11598
-14092 -2201
8598 -14609
-3973 6778
13426 -4424
6960 15939
5991 12366
-8574 10229
5612 -13229
11331 12704
4698 7423
3702 -3819
-2767 -7961
-15753 -10174
10899 -10349
11632 -1660
1307 13027
-11874 -8022
-9893 -4330
14888 9731
-6931 14972
-13747 5836
11227 -2862
7976 -14490
5275 -3026
-7591 14093
-1278 5530
9077 -10071
3156 8438
3344 -13319
-5271 654
-12873 -5971
-11941 11233
-8323 14470
-6474 -13031
-9900 -12033
1387 4894
279 -4366
-8335 -10477
15848 5304
-9857 4468
9780 -15275
609 -12458
13079 9482
227 -11569
15757 11575
-3816 5697
-15204 -14708
-8558 15882
3528 2035
2563 -13870
12629 -5579
-2036 -6856
-15907 10906
-421 12804
13869 -3870
-11096 -12332
15347 -11606
-7911 5013
-5005 13954
10825 6140
4347 4940
10486 1106
15789 9331
15702 9890
-7687 9393
376 12079
-13590 -15915
1366 -1954
8776 13807
-3089 6767
-258 1028
4759 1612
-9388 -13869
-6686 -606
12710 -9696
-15180 -4161
-7996 10999
-8859 140
9854 -5185
12282 -2557
5571 6379
1214 12528
14190 -2272
-2716 680
11413 -11303
12024 3096
6918 -7151
-15376 12252
35 6895
7267 823
-6941 -486
8566 15502
-8664 12118
-14919 903
11063 5729
-6180 -10814
-7773 -1679
7189 -5844
439 -9802
-1458 8096
2047 3261
12342 -8977
-4616 -7676
-1640 1242
7964 4170
12075 -1537
9487 14846
-6816 9224
15331 4892
5021 249
4187 11421
-2357 -2558
11869 -11045
-12315 -3094
1615 10946
10384 3690
889 13739
-9214 14127
5346 7868
370 4023
-2932 13566
-15242 -8637
-6076 -9498
-13267 6016
-6304 -12173
5940 14391
-2294 -2376
-4306 2959
3916 408
-7005 -7820
160 -14278
-10974 5112
-8406 -12081
-10938 -14693
7418 -6132
-14817 -14329
13997 -6379
3583 -11637
1671 2982
-117 -5862
6150 -15555
6370 12980
-9069 14391
-8808 -2457
-13189 -5519
7083 14633
3586 9998
7791 7593
-879 2503
7113 -13336
1218 6555
-833 -8854
-10026 -13175
15348 -12505
-14704 4514
569 6271
-3896 13709
14272 -10452
-2394 -10565
-4945 9083
-14122 245
5537 12259
-9726 -3723
5798 14599
-6032 -121
-9873 -12439
4392 4433
4730 15719
240 11544
-1316 7379
706 -2376
-10642 7022
-804 12658
12661 9011
532 -12439
14167 8528
-3115 -11662
-4956 13221
-11315 -5128
6212 11521
-12981 -1088
15729 1215
12527 14635
10774 -6859
-1652 14997
-7985 -3535
-3577 5396
-2416 14241
-11198 -2234
-12901 -8201
-5219 15381
4768 11088
14870 13529
8590 -2718
-63 -8171
14904 15297
8411 2958
8114 4838
-4076 -5502
-850 -10881
8622 1212
-982 -12231
13162 10559
-13237 11694
2896 -5957
14161 -4288
-13064 -7477
-8181 -4418
-15713 -5478
-3125 -10334
15353 -5375
2651 -8617
11380 -12374
10512 -14468
4958 8159
13992 1307
-7274 10710
-10657 4448
-9851 -12215
12575 7000
7810 -6042
10243 14036
-1211 7297
10501 620
-12034 -8624
-12435 12626
-5744 2378
-9413 14234
-2864 -1442
8686 -13967
11422 6234
4501 2732
-15023 12388
-8755 -7518
5344 1837
-11400 15640
11218 -3041
-5562 4757
-10957 12847
15481 -12933
-2388 -12255
-14086 -12584
5084 -3906
8159 13294
8080 -10912
12010 6936
-5050 -5959
10562 2393
-6745 -1177
5132 -1659
6392 -12991
8925 -7062
2508 -5490
-12048 -370
7276 -3271
9853 -7174
-9654 3334
11768 -4997
-5794 12172
-4643 8370
-3632 -4671
13815 -1520
14928 -11966
3225 3856
7350 12416
13331 4626
9052 12288
-13620 -10552
-7047 -77
428 -6540
-3181 8736
-9946 6284
11033 -13143
-9257 13827
12909 3327
14078 -13169
-10949 -4754
14753 12299
-11587 12665
12598 -2173
4171 6465
9250 -10987
-13541 -1604
-15410 11327
-8883 6656
-14650 8337
-4156 -5929
5885 -15140
4552 -936
6189 4376
-8730 15530
-6439 -1436
7617 -14583
12345 -12820
-11922 -13933
3641 -5210
-15944 12572
466 -14497
13502 -6086
-4765 -6558
-7378 9098
-11841 1232
-8859 -15268
6287 -790
-10573 -3797
4940 -9598
15235 -9959
-319 988
-13313 -3356
11754 -12060
2230 -3043
13610 -10328
-580 -12411
-13360 9652
5330 -8280
-11403 -7500
-10019 -8758
-6000 4846
12758 5649
-8597 -4369
14741 8011
6028 -1030
-989 9800
213 7735
-5384 -9941
14475 -13088
-11733 -6578
15772 -5276
2619 3433
4350 10205
137 9210
8180 8792
-10521 11886
8051 7360
-5048 1536
-9809 5556
9992 10502
9175 -8581
7511 8958
-3411 4499
-394 15658
-8335 13164
-13723 -8745
3789 12316
13318 -13267
2645 5585
15794 -15819
4394 3090
8812 -11148
2522 -13172
1191 -5562
10040 -12894
-7106 -15815
-631 9798
-2802 -1186
-4924 -804
-3733 7216
-1998 969
-1850 -12131
-8192 -7594
12645 15320
-8677 -1955
13032 -12800
-9924 -13597
-10799 13118
5948 -4349
-12854 13436
-5242 6630
13975 -8637
-14040 -6363
-12152 4720
-9519 -6159
-9707 15745
239 10170
8322 2539
-7341 -653
14537 -9050
5664 -12483
14235 4063
9157 14054
-4328 12244
-4166 2161
2857 -1107
-7954 -15650
-8625 -2023
-9927 9541
-6354 -11788
13873 -198
-1442 -9935
-11741 -888
4298 2075
-14111 -15677
13141 14192
-11059 -6390
9551 -4994
-6976 -11139
-6751 896
14516 12165
3318 5514
10039 6817
-11011 -12814
11613 -7284
-7197 -7945
5937 -833
3704 -6528
11458 3164
-9037 -8919
9550 6753
-4403 -7744
13882 -5616
1921 11340
-10539 -8362
-3989 7302
5527 -2396
-5123 576
-10267 9564
-95 1022
12039 6514
-524 11195
-1892 -15437
-14725 -12713
6051 4091
-6020 4326
28 12178
3704 2320
641 744
12024 7904
5953 -11481
14229 6749
-3615 492
8189 8474
-1070 -12289
-9546 7113
7869 6753
-13879 9617
4200 -12771
11141 -1603
-8100 861
15908 -15375
12442 11538
-12042 -6818
-13097 -10737
13303 -15255
14040 12546
1180 -13679
6200 4432
14131 8136
-13891 -14708
825 -3164
-5900 15073
-15328 -15260
2166 -10054
-5197 11971
-2029 -1645
-6093 12160
-13395 3452
1461 10636
2204 14411
7558 12142
6200 -575
-11407 -2854
-2340 -5806
9849 -4138
-9036 -12583
-6242 15928
11740 4234
-10751 -3201
-607 -14708
2636 12523
15791 -11269
-14221 -5208
-14473 14264
14625 14302
9439 116
13980 -5347
5256 1550
9640 -3102
-14848 8375
10367 -5319
-3990 5953
-5913 -3718
10613 -8337
8797 11919
15595 -3090
-4296 13293
-14105 8608
4058 1909
13882 10920
-10669 -3262
-6244 -9702
7326 -9969
-22 5746
-13034 -9678
1645 13991
-3505 6167
-4761 -13847
12171 10923
-5089 -4656
-6538 10955
144 2172
-146 7388
340 -9081
-13766 10335
11386 5311
3185 -7129
-11462 -14775
-12683 3000
1178 4994
-13284 2914
5794 -13605
-7115 7323
7527 11119
-4633 -13375
8590 881
10296 8922
-14586 13913
-258 15236
3441 257
4166 7578
5919 -13756
4701 5024
-783 13187
-5439 6445
9478 7014
-8014 13164
8902 -1574
-13149 15235
-7514 9772
11493 6942
-15828 -7527
2885 3625
12556 -4959
2160 -9328
-2904 -8950
14087 2655
-1688 -5355
2822 6580
10538 -10880
9090 -3250
4101 9156
3155 3415
-8406 -9716
15953 -2409
-3523 11779
2407 -12691
11700 2557
14413 -8318
8509 -3970
7242 15604
-13121 -4475
1264 4924
-14052 10640
-10164 -10793
-14146 -749
1081 4211
11513 12931
-15836 855
-12959 1891
10355 11948
-10642 8838
-14555 -10479
-6693 4538
12541 -1936
-3534 -12374
-9953 878
-7223 6242
-12610 -4062
-1049 -6266
11698 -11746
-11880 11214
6935 -4374
-11780 -1828
-14536 -3899
-4283 4102
-5573 8037
7256 2973
-2818 7421
15814 -715
8157 -7772
-6281 -14657
4411 -14234
1892 -1039
1727 719
-11393 15300
5977 -2657
-12139 -5471
9288 11842
1307 14275
-13184 -582
5560 2117
9965 -2700
1934 1183
15295 12852
7397 15539
-3629 -5687
-2170 -11858
-10361 -7583
9669 -45
-8052 3033
-3250 -8926
10900 8019
8485 -2061
8540 -6425
-8045 9787
-13125 -5813
-13401 -14923
-1483 3775
577 12344
-7567 4918
14478 -9690
2611 -13286
8867 14406
5208 -4209
-8800 6954
1395 -8716
-10141 -2728
8351 -5720
15912 -9086
-14505 3463
11486 3067
-8736 1259
6175 8340
11779 -13448
13547 -3165
-1124 -14361
-6895 -754
-7356 10250
-4682 8656
-10128 4166
11271 2750
6128 -12685
12744 3814
12111 7379
-6480 -14931
12751 -4158
-15549 -10099
5579 10022
-14299 427
5790 7123
-4783 -9208
-7409 6485
762 -4022
13568 -15422
432 -10966
-10995 6578
-14309 -14603
-11641 -2807
15188 9750
7185 12483
1321 1151
-6235 9186
1528 9547
-2986 -6883
9903 -8174
7982 -10716
-747 -11470
-10759 -1898
4390 -15174
-11825 -6397
-6918 4944
-6794 -14341
9517 -10728
-4892 10912
-7429 11710
4355 -13727
9224 -3294
4960 -8168
869 11974
-11167 12257
5657 -1713
4842 -75
-2656 -9302
-8156 9256
6009 -4064
-8411 706
4770 14597
-11880 12632
-11749 5876
14565 5598
1386 -8531
2275 3659
2838 5866
8118 -1368
3008 -14617
15746 -2745
6405 -15634
6072 -12510
-13621 -13777
14224 -6645
-12052 3998
-7022 -5347
-2425 7563
-8476 5613
-14685 -3300
15978 -10517
14427 9021
14471 -9002
7190 -7695
-11856 -3409
-14071 2568
-12985 15845
-3897 7081
11766 -10585
-1685 -15912
6023 -11178
-15532 -14518
-10957 14219
15462 -13641
8099 -5775
-7814 -7837
3044 14983
12518 8274
-9696 4587
-3363 6598
-12889 11806
9906 -14476
-13092 6291
-1543 13902
-15347 2362
3497 -2941
4594 -8729
-5603 15565
-14882 -11182
9835 -6806
-12758 8212
12326 -7704
1520 3089
-154 -1376
12791 9825
-6697 -247
-11788 10081
9504 -2684
-14943 -14847
5401 -13889
10575 9423
5068 -3769
-1400 -3799
10787 8873
-562 15858
8644 15924
-5886 8980
-7277 8408
-1181 6322
15977 -3021
5262 844
5507 -7363
-4417 12285
4021 -6372
-2694 -13665
4294 -4639
11097 -6393
-9629 2397
2037 7520
-7568 -12446
-6245 -5708
10938 7092
-12490 -8616
-2151 5902
-3660 -8085
-15333 6635
-13308 12463
8378 6694
-2398 3500
-10121 3458
-1494 -2062
670 13064
-10000 12243
7656 15643
7827 14119
14941 -9222
13029 -15536
-15227 3269
-11314 -12541
7170 4723
-13271 395
941 5537
-787 -11268
751 6306
-14154 2388
-11529 9163
2848 -5465
13862 8634
11512 -14932
-4100 -14217
-4791 -5382
8055 -7329
8993 -13521
-4676 -5740
10608 745
458 -5529
-3770 12581
-15173 -4901
-3985 13074
1790 5230
14204 14264
14032 15874
-2399 -15253
-15238 -641
-15255 13457
-4766 -3737
14160 -8755
-4401 15373
-9010 12546
-7224 -14417
9506 6375
13793 -8249
-14868 15770
14435 -2325
-12087 -9701
11477 -12939
-10506 -3479
3974 -1729
-2422 2279
-7684 11844
11919 -9179
-9609 -11673
-6568 2429
11949 -14100
-14354 10780
4759 1011
-8402 7895
7198 -8084
-2680 3567
13235 13677
1441 11297
9142 6630
709 -5399
3425 1641
-5552 -9436
-3532 5086
14519 2478
-12175 -12204
9085 -4947
12595 -3277
994 8394
11353 -7582
-1708 11375
6028 7164
-366 10410
-11782 1515
-13828 13191
-2817 -7906
-8040 -11657
-3124 2096
-12932 -8953
7763 11365
-15549 -5271
11066 -261
4916 2384
-15555 12099
13554 -15421
-1108 -12493
-8120 14193
-3858 -7205
2945 -3469
12363 -9435
10158 -14133
-1642 -11340
1807 3208
15875 13925
8806 -304
1364 -3761
-3908 -5313
-11828 -10025
-13308 619
9625 4218
-6994 -7482
-4190 -15674
-13925 6223
-1866 12515
-2218 -1264
-4513 1227
9587 13175
-11053 -5331
8901 10674
-4708 2111
6427 -14020
-4071 -9497
1044 9249
714 7720
-8185 11648
-10571 -1460
-3425 9596
9152 8834
-14794 15814
-7425 12243
-5458 14511
3744 5916
9747 2566
-220 -2089
-176 9727
-8462 -11833
-5142 3054
-1772 -7100
7 -3218
-14286 9043
-4703 -4036
-12411 -7849
-1483 9644
-8265 7175
6481 12870
-4271 -1834
9164 9407
2748 12799
-10415 1355
-6251 -11405
-2151 2558
11091 7990
12192 4194
1988 10670
8687 5979
15545 8128
15937 12197
-9899 9836
-2088 2898
-7466 -14402
-12930 -1856
-4212 10009
-4223 6242
-3890 6422
-10793 -8228
8636 -493
617 10898
13258 -3363
4828 -4633
2761 15712
1755 5771
-6687 -12655
-7068 -6800
-11108 8694
-7444 -14722
-716 -10920
-8052 5645
-3825 428
-6111 -10698
10903 -5512
12581 13583
-9953 1206
-8314 8346
-5076 -14641
-11904 -6110
-975 -4902
-6966 -10028
-7956 14736
2219 -5349
7382 -182
-10217 5304
-3101 8813
13909 13900
-13876 -10388
1878 5712
4906 -6691
-2027 -13956
8276 -5474
15906 9942
-10756 -11982
-7062 -9830
6433 -7187
4834 -942
-7714 2696
8530 -7817
4800 11347
9434 -14501
14284 251
-7833 2285
2113 10627
4413 -6024
14946 7909
3311 8183
14763 -13191
-5121 11754
-6482 -13828
6941 -3262
-9766 3635
3005 4067
-1754 -12728
1856 -3996
1087 -5603
-14399 -10327
-1279 2473
-2414 14973
982 -14116
-519 6134
14322 -5347
-8236 2438
-8107 10447
8438 14583
8995 -10627
-4817 3985
15724 4454
-8591 15978
14 11596
6779 -10939
14964 135
-4416 2718
-13750 -10180
-118 8611
-8914 1916
-6915 2049
3485 -6968
-1437 -6087
-7748 -6040
-2556 -3189
-4893 12607
3699 -2927
4748 -9715
1808 2148
-11652 12222
6965 15474
12626 -4246
-645 4165
15823 9647
14917 -15752
10147 6463
-2019 2358
-332 9075
-13235 11331
5063 -11064
-15337 -14346
3260 1331
165 2278
-103 12717
-657 -2832
650 -2657
-8539 -4882
-10874 9837
-10390 -5785
2029 -3754
9146 -12171
5621 10596
-4036 2701
15632 -7338
15012 -4737
-10347 3273
-10735 5740
-5914 2210
12825 -5708
5165 -12575
-3489 -2244
-10573 9809
14353 -7367
13339 7076
9155 9540
-4823 7103
9958 -11653
-11636 -3644
12496 -15196
-9376 13929
-9882 -14421
-14639 -14398
3780 7899
7576 15103
5946 -229
9932 3277
406 4959
-15038 -7808
-5628 13082
-3319 5184
-5041 4809
-15060 9960
-825 -10378
141 -12446
-10999 -516
501 -11602
-14276 -9737
-11012 -15080
-165 -227
-15830 -5895
1250 -8854
6027 -7132
-9639 9616
8374 8346
-2076 -3118
1168 4003
6680 1928
-9112 -4463
8455 2166
2268 5630
3346 -8759
13117 1371
-11467 -3126
14123 -1513
-5870 -9025
1014 707
8838 13875
-13110 6335
4205 6654
-2060 -8614
7678 -2678
8884 -12198
8828 5773
4403 -3922
-13592 -1491
14316 13920
4526 -2156
12723 -5055
14654 7609
15376 -10259
-3250 8720
5236 10555
6786 3481
7466 6413
3310 -5744
-1478 -7240
3343 -1975
-8447 -3160
-5994 8660
-3277 -9772
-7618 -15225
5306 6194
12782 12255
6391 -4551
3579 -12000
-9218 -291
6423 9341
15914 -7004
-12544 -10362
11739 13689
7779 -7370
12950 6478
14873 10570
11701 3878
-3581 15990
8821 3426
463 13662
-10766 -13686
2553 -15762
-8690 -11489
-3625 89
-5414 -5582
-9428 -7553
-4199 -3559
5105 10582
-8112 11384
2073 -10668
13874 1649
-827 -3019
-5816 11470
-10251 5422
10174 7671
-11041 8440
15756 4353
-9321 -2455
8475 -11424
-1548 3280
-1119 -10904
7920 -2867
-12435 -15686
-6044 2316
12380 10129
-5167 -13298
15401 12963
-15260 -10433
-7505 6530
-15424 -8012
1538 7908
11625 -4099
-12542 -12689
-13430 14919
4258 2223
-1093 -4662
-6729 -8505
-6416 -15589
8804 7372
6547 13304
1378 -1845
-1575 887
-11 -10283
-7107 -13530
-4000 -1235
4330 6541
-1655 9912
-7321 -2166
-4270 -10329
5167 -2842
6758 3333
11202 -12757
-15203 -154
-1750 -10700
-9507 -2110
-3692 -12999
5415 -7898
-12636 8793
8897 -4325
14250 -8385
1539 -7054
-13009 -6818
12779 8124
-988 -11159
-12937 13414
-4204 -764
3063 10953
-6938 -390
13081 -12240
9811 -914
-10561 12371
-12326 -3567
-13011 11724
-9350 -5920
-12040 1301
-2329 -12207
-11719 12415
-6931 2076
-1503 7672
4373 8415
-6361 7278
383 -14076
-3917 -10829
-11075 -2165
12175 10163
-7403 13193
3719 3022
-9831 4174
-12348 12471
-15590 -2897
15318 -1340
13376 5878
10534 4506
8160 -12604
15729 15490
3796 -9833
-11420 4941
-9838 -13123
13177 9637
13800 -8212
7156 382
-11444 11729
-14906 10794
-10210 -4458
-10213 -4608
9486 -13908
-10818 -10438
-5694 14479
8841 -13514
-3733 4053
13206 -7322
925 6396
7975 669
-5006 9851
15938 4526
10138 -12809
5096 -10173
-3289 517
14297 269
4513 14106
-1233 -14878
-11670 5607
-6967 -5346
-10201 11353
6192 -7515
-6093 -12098
8075 -2901
-2352 9975
-9603 -2642
-8118 -6617
13218 -7795
-7 -12129
-1803 -2549
-5363 -11914
7467 8729
1281 -542
15779 15052
12818 -10920
-7925 -12516
7051 -3865
3593 9633
-12163 -5563
13169 3598
-10287 -14837
-13875 5649
-2773 -13264
7449 5669
2846 12452
-15545 -12180
-1025 -11434
-11257 -4024
1068 9683
-15303 5146
1415 -1989
12400 5101
438 3637
-15806 8433
969 6611
-4460 6415
-9822 6153
10110 -12056
-5762 -15743
-15990 2300
-6272 8938
2790 -1354
9293 -5233
55 13986
-14894 -5378
10400 10313
3704 -13392
7641 -9905
-10378 8702
7317 -5554
6552 7852
13500 -1692
-13813 2809
-2682 -3558
-3762 -12245
3201 10423
-2807 10557
-5383 3493
459 -9190
13896 3141
2958 13268
-4964 -6666
1050 -10942
9422 2535
-9336 -3852
-7024 -15500
-9632 -530
-8806 7040
2046 -8083
5489 -10588
-13603 -6120
1897 4281
6907 15864
6328 1531
-9500 -13980
11698 13701
4377 12843
9598 -8646
14337 12617
11443 8926
-12625 5917
-6400 -14025
7122 -9676
13904 2716
-14598 6465
11595 -9958
-9472 6002
-1658 -2858
10217 13843
-11512 -10979
-8122 -10426
9245 -14710
10658 12194
-1340 4808
-4681 6375
3840 5341
-15494 -8221
-8374 -39
-3363 -9320
-33 -9327
-4276 -2658
11131 10843
-6926 2075
2186 15385
4766 11351
-15791 -6886
14670 6294
12907 -10183
650 -11343
14095 3409
-7229 13079
-11071 -15419
13244 214
-2710 3492
14431 -12665
-8371 1952
8675 14219
11586 1770
4820 -15007
-1853 14223
-15071 -9233
8569 5066
3076 -2489
4061 -15932
8038 -8133
15811 -7588
-9732 -7798
-14964 8395
4538 13146
-3299 14846
3719 3686
3195 5647
15030 -9644
13036 -7609
-1792 -8930
-4577 -13638
-9081 4306
-7394 7144
-2210 14831
-12067 2289
10397 -955
3490 13180
15967 -5381
-15429 -14317
1503 -8756
10915 -397
4115 2925
10233 12509
8244 4440
-233 -5915
-14150 -5431
-4012 -13031
5310 -10053
-15983 -14676
8858 -13087
9935 3839
8145 10246
2534 4659
14973 -10197
8157 -11060
-7167 -2507
-12497 -6115
-827 -10278
-15518 12040
-8611 -935
-7513 7771
-5105 -12395
-15143 -11875
-11219 936
12671 1390
5450 13484
14781 578
6713 -4608
-5078 -15062
8651 1153
703 -8514
3224 -2321
10080 -166
7362 -2793
-12888 -12263
-11696 14418
-439 31
1916 1742
-12020 -8185
-1791 10333
-10647 7251
11905 -5041
473 -8299
-15884 -5512
-1556 -7144
-12925 -5789
-8758 2218
15532 -10988
12592 5271
2870 11786
-9236 -5923
6500 11213
-7187 -1382
-1550 15291
4430 8163
494 11143
1645 11901
-624 8373
-11182 13066
13661 -12473
1220 -14205
-1832 10124
15421 14643
-15115 -6292
-4047 -216
3069 7808
-11226 9187
6467 15925
2671 -10105
-11375 11240
5640 -6460
6214 281
-5606 -12094
9663 14156
-5149 -7646
10978 -12615
-15679 -8160
-15836 14291
12069 -9532
-1374 13340
10784 -5135
10108 3401
-10890 -2317
-7571 10255
10863 -11177
-4311 -11746
-7467 11528
5525 -13879
8233 -7805
1924 6566
-15705 5910
11435 -7805
12649 -612
-7175 -13107
-12522 11321
-8278 -14063
-1242 4971
-4168 2007
14786 8540
2631 15455
5808 -774
-4432 11733
4658 3907
-8813 4781
1699 -8710
-8023 13947
-1343 14954
-6517 10110
1937 5979
-4098 -6973
-5823 -6859
15688 15765
-2548 10500
-14927 8766
-8440 9792
-9671 8682
-14253 3543
-9824 13622
-10656 7177
8245 15597
-6296 -210
13915 -8520
3878 -7077
-13933 -1395
8936 -6322
11175 -14779
874 -14444
-13229 11812
12578 8507
-3541 1544
13637 10489
15081 14016
7822 -2021
14059 -9440
-8400 496
2769 4517
-9063 6270
-1504 -662
13623 8425
-13421 -3770
-14352 -9107
-13940 -1113
-8984 12218
5950 12313
1583 -1400
-1462 1557
16 223
4994 -5338
-2505 -15652
-13501 11651
7191 -9688
-1020 10633
-7506 3345
-4050 -6666
-13658 -12312
-2683 14833
5373 1581
-13117 -1161
13542 14526
470 -8984
-15113 -15250
-10853 8785
9318 8170
1288 11332
4888 15493
2283 -14283
-2949 -13690
1252 -1625
5195 -14848
8205 14070
1679 -8519
3003 -10444
14345 10911
11132 9903
3565 -12096
-13625 6861
-8404 -1395
2538 -1065
-6913 6164
-13106 -14928
-3657 -14992
925 -1547
-12065 -4611
-4751 5617
-2957 -4292
4245 -8607
11632 -13786
-13094 11110
7984 12053
13675 5920
13510 -2522
6353 -9529
-9877 -2280
6948 3527
8664 -8956
8334 -7711
15072 3512
15362 4949
6117 -4890
-1169 -5867
14299 913
-10550 7824
3140 -13577
-15174 9524
-3835 -3769
-14102 13941
-14103 -4694
-9228 -10829
-3735 8798
-7884 7929
2657 2922
-7144 -6210
11591 -6804
11826 -2082
-3284 -8198
-9858 -4717
-15462 8001
-7656 -3876
-1413 -12225
15814 506
-1118 2526
-8932 -323
-12592 -8461
5700 10727
-3018 13993
-2582 -3243
-2131 -12038
-4225 -9236
10889 -6190
-10753 11435
-3903 6250
-1843 7625
3936 10786
2004 -2754
-5521 -10291
13261 -13801
-1502 3753
15668 9620
14875 -5701
12647 -8795
-7835 6758
-11858 13760
-13663 -6831
12127 -1977
1420 4519
-1612 -9890
15243 -9256
9166 -4703
8226 -8728
15269 -6129
12881 411
515 -12930
6768 15056
-5075 8041
2804 15963
-11363 7578
13312 6156
4991 2136
-8719 10490
7536 4750
-591 -12570
-11575 9203
-10108 -5976
-3152 -5278
-8201 11168
-14572 -11340
8048 -1710
-3573 -4821
11961 14388
-51 15957
10351 13235
-1037 9992
-5116 14105
-15464 15977
14868 -15780
8176 -6031
9482 7881
4898 11577
6672 99
5684 -326
-5506 -1662
-8731 -2701
14195 3058
-1776 -11805
14357 -14963
15066 -9935
2471 12916
222 -9536
7778 -4433
-6879 6679
-9530 -8447
5827 15435
3540 -12707
15061 15054
-11669 1423
9681 3301
-15425 -6338
13176 15258
958 10932
11639 -15387
-9769 -9847
-8642 12259
-1337 11606
-15405 1377
583 6650
-10033 -1791
-14751 5656
6585 11861
11278 12831
14717 -6638
13697 5939
-10234 15244
-5690 8679
9126 3104
-8715 -12131
-3266 15732
7128 14583
-14084 -9059
-9996 1691
-295 -4109
15600 -5617
15448 -11542
11146 12782
2236 10846
-3495 -13070
-1624 7156
-3303 -10803
-10367 5018
-11416 13108
6563 -13909
12942 -8444
11669 -3812
-3280 -15834
10702 4452
-6142 -9585
11631 2021
11811 2179
9332 -14351
-11585 -2329
-1388 9027
10391 15326
10457 6453
14173 -13162
10389 -983
5217 -12203
-11099 5634
10139 -6976
-1885 -6411
-6253 10488
11561 3805
3975 -6770
-7528 -4119
1356 -7826
-7051 -634
-8068 6397
-9340 -201
10806 15041
-12455 438
6347 -8134
-12467 -11272
2375 9408
-2139 3692
-8123 6863
13333 -3946
9013 2356
-7421 -5109
-14073 11315
4303 -8914
9544 -6707
-12907 -6738
-10212 418
-1961 6539
-4057 -5167
2673 -3247
5335 -5832
5025 13700
-4292 -6061
15346 15481
-2688 3452
-12174 -14452
-11364 2978
10110 -3040
15956 -13838
-15458 4114
3816 -7362
2039 -2832
7699 -5535
-11599 -7228
15113 11938
-11453 15505
1305 5792
-513 -9841
4995 -7313
8059 -6673
-15137 10420
741 10127
-15604 13019
10897 2943
-15414 1587
10658 6693
5875 15850
-6611 -10524
-11940 15512
-10262 -2115
13037 -4797
2183 8024
-8395 -4827
9490 -13773
312 10586
-8263 1014
-11882 -535
-858 -2898
-15970 12325
-5354 11674
-4309 9480
6549 5138
-8913 -15828
3812 6100
7775 -1972
-1175 12969
-12576 -3889
-15601 -6038
-5211 -1779
-3843 -8555
9899 -7961
-3097 -13418
2477 13547
3080 2445
8047 -14576
446 -6268
-4490 -15676
9662 11276
7083 -3582
-549 8018
6380 -6475
-8529 -13327
11523 -5237
15220 13621
-7882 -14625
-13070 -6173
4646 -6415
-1308 11469
-196 -11821
10873 5776
-12168 -5750
-10743 11173
10956 -14344
-4230 -9325
14724 -6685
-2060 11061
-593 5524
3503 -14095
-4188 5981
-12129 -10407
3743 3162
1926 -1575
13426 6285
-9504 -5084
10086 -5426
6141 2735
-395 -13511
15656 -10574
-10039 -8579
-3429 -1538
13127 11938
3625 -11917
5946 14899
-6108 4485
-4540 -13206
11437 6604
12211 -11056
-11149 -7930
-778 3183
-13529 -1671
8319 9076
-14405 8116
-953 485
-8877 12766
181 13155
-7790 11423
14874 -5953
-5966 14799
-2950 14863
7567 -15208
14859 2103
13476 11367
-7688 3252
-5525 -10781
5744 11165
3331 8441
305 -13015
-4036 13626
5262 -2743
-14463 -2093
14384 14455
-6820 -6332
-13153 3163
-7466 -11929
-12555 557
9721 14035
6881 -6199
4054 -13292
908 -4534
6744 8080
-2074 1789
9208 12661
-4829 749
6972 -13478
-15592 4958
-10275 1814
14243 5750
8080 -13862
-796 -12949
6661 11091
11623 1511
-14735 14504
-7391 8906
-8008 -3365
-4162 4216
13514 144
-8569 14194
-9682 -9756
13924 7158
-6925 15435
5530 -1139
-15041 12017
-7429 4293
7075 -11301
-5125 -6538
-1103 9990
2055 -15801
-10356 -12682
-5338 15797
10171 10749
15442 13787
-3982 10582
-2246 -7154
-9580 10907
287 11344
-5641 542
-12755 13092
-11510 312
-6763 9733
14251 11888
11098 -13937
-10979 4914
7040 -7403
4094 -11614
-9570 578
-12195 14938
10805 14234
13539 15194
15907 -3523
5947 -7493
14912 9407
2360 -9378
-1233 -9083
912 15726
-14557 -12680
7437 -3323
-12327 1608
4985 15672
15115 -6637
-4266 -8414
-2068 2751
-13475 2881
1269 -4457
-5200 7516
5093 -4200
-7247 -15227
8687 -1127
5932 5219
2625 -12316
4 -11333
-13108 -15758
-7739 15375
3219 10708
2013 -4457
14216 -6398
-15756 -13542
-5344 -12836
14860 -11283
-2685 12482
1663 11541
-1112 -7446
-8750 3497
5197 5736
-2262 -8506
-11150 -10266
11629 -4070
5096 5857
3805 10396
833 3185
15195 -8803
6015 13233
-7762 -11212
-4726 -2914
-5071 5875
-12621 5916
15099 -15312
-13778 -14009
4357 -4313
-6251 10670
641 -4174
3912 -208
-10993 6914
-542 -13450
8405 -10952
10103 -15748
-14910 -1965
-12869 -9060
-1643 -5622
7475 13110
-15784 11720
-3406 10845
-9706 6971
2499 1135
-5022 15469
-10468 -1893
13922 -14863
-3340 1035
3038 -7363
-3803 -13964
8883 12320
-15708 15791
-6634 6023
-14939 14231
-8488 12052
4744 15151
-13307 1604
-96 19
1721 -10198
4343 -6499
-6729 4563
135 4272
11810 609
11374 15889
13295 4794
-12630 -13728
-6690 -10291
-2051 8610
4153 8507
4026 15028
3001 8658
-6727 13545
8880 -3681
2173 5758
-4035 -1699
-6262 10257
-6328 -14804
12912 -10673
-3974 15342
15334 7388
15654 4833
3567 -4793
-2154 -10460
-6488 13754
-708 -8730
-6666 -3005
7533 -3706
-7813 11215
-7913 -5578
-14506 7157
-8065 -4345
10195 5602
-10747 235
-11786 -6844
13824 4060
-3291 -1087
-4737 14528
6319 -9672
2568 10977
11697 1639
8521 -4477
1733 -473
-8339 -11933
5679 6217
13340 -4679
6474 4762
3074 438
-7882 -2416
-8907 4901
-10133 7639
2190 -7890
-11029 12271
-13434 2000
-4444 7514
-15446 15621
15375 12399
3608 -10336
8531 11656
-12953 -8149
-1912 5332
5228 13227
