5000
-30718 5718
8861 13759
-4660 -28337
25609 6716
29226 13439
-5150 -228
15988 3044
-31765 17419
27820 -20785
-29617 23158
6242 -11935
31701 19710
2748 20804
-6080 6478
-1886 15390
4417 -11474
-9603 -662
-17828 31070
-25837 -1505
-4509 19363
9298 863
-15728 -14871
9291 6005
-3214 28095
-30580 -28843
-839 29382
5644 7472
17644 1320
15966 -16191
-255 -19337
257 -18169
-10257 8460
-17224 -6453
-1962 -22126
-31964 22878
2220 -21261
-115 25875
-18658 21138
-6314 9525
-21955 -6968
6927 11353
6746 -22203
17371 644
718 15603
-10976 322
26537 9605
-4517 -19335
-19300 -9806
8000 8306
-3621 -19234
-9630 -31095
-14380 -1898
-26896 -16644
-11224 -9994
-12447 24650
13164 -21353
20515 25761
22216 3244
-20464 -5298
-12869 23042
-13791 31550
-23767 17517
3439 -23080
31076 -12142
24289 5103
-9125 22404
15951 18591
22935 -14769
7601 31468
2011 -28744
31861 16615
14960 8443
4560 -28519
16611 9509
12927 -17171
17121 -1548
20343 -16640
-4271 -3021
18833 25818
11 -20060
-17951 -9417
9611 24427
14630 -27597
-26585 20203
-31312 16593
-21501 -9087
8820 -19039
13142 62
-27414 -29587
-25904 -27681
-22654 19595
30777 25201
25394 29257
-4050 1167
-11507 -7195
-3527 -25630
11210 -14847
-1923 -24234
30728 24750
-24384 28921
22908 -25679
-10132 30582
-10708 -22011
14246 19593
21802 10515
26998 -30822
15089 16843
-17640 -14148
-28181 -9330
-15416 9091
24072 16716
3220 30044
-6701 -24603
23798 17964
9283 -1421
17011 -18132
-25765 -6601
-22435 -20441
-26542 496
-29126 -18394
9937 -15867
19974 -3134
-21404 18699
18777 -5314
13562 -29828
5781 -1462
138 -26777
18019 85
18068 -25837
6408 17134
15630 -12386
-24871 6625
-25021 31156
1835 -23236
-6429 5095
18787 30267
-31550 -14935
-22226 26757
30820 -28238
-10751 -24148
21857 26056
20121 2597
11167 -31238
-20796 31123
2542 26425
17861 18410
15269 -18240
-30945 1541
-246 -16091
25269 -16011
-15582 -20451
-26984 -19578
28601 -19730
9613 -19019
-26087 21822
-3357 18443
10478 -19648
12138 -25537
-13767 4203
-12339 16664
-9617 -18841
-28724 12257
15675 -14480
14351 -17707
-16830 8169
-9503 10330
22505 23648
3677 -2255
15228 22480
-30273 26755
-19054 -26720
-22812 4285
28552 24695
9441 -2632
24533 1126
9009 28185
11431 17472
26574 -27019
-9794 31119
-28373 22660
-18255 -1785
11148 14148
-20431 -29384
16316 816
-18714 6054
-26847 13337
9396 17734
-30822 19548
16708 17156
8785 18343
10566 -25816
22533 28523
-9562 -12625
-7562 20599
17980 -11515
-24013 11572
-16728 30853
27031 30285
6259 30546
-7212 -5
-30255 11199
26060 -28248
15468 14181
23931 -19255
-22113 -7076
-15386 -29412
-27640 -12226
28746 -12390
-21281 7169
29925 -15789
4001 2152
4550 -15199
-16652 11898
-14515 -988
11357 -8316
-4466 -1263
-4158 -10470
14001 -20535
8738 15656
445 1416
19990 10394
12042 14222
11638 27376
17826 -26042
-3853 15619
-4414 -12189
31591 20574
-24869 23238
-1791 6158
-17527 -15492
7525 -18982
27658 -18474
-11421 14103
-15246 3535
-9996 24119
24845 27828
8080 24992
10324 -8910
3050 -22421
-1117 15548
-23917 3488
18259 12496
29248 -31919
1187 28312
-14001 -29761
-29675 21980
9292 -10001
-28408 20824
6910 -17992
11203 -16929
-21925 -8951
-24037 8966
13757 28851
-23611 -10917
9468 12140
22802 31500
-21751 13109
-27386 -5677
-18781 -29181
26585 -19949
-20519 -9947
11064 10066
22960 -23613
-17880 -31410
-4089 -17542
-28218 16662
15013 27162
-22693 -11503
-9056 -27507
21507 -4392
-16162 -3578
-29498 30179
3970 -5443
23728 -21638
-17132 1933
5833 -28912
-2460 -15777
-12324 25892
21566 5943
-2687 -28400
-12546 18636
5695 22554
-19626 -5304
806 7843
20650 -24367
-9027 -17384
-13746 16029
-3015 -2947
-22613 -4351
6130 -10277
18300 -14695
-18380 11771
13205 -15830
-18064 -464
-29626 -23937
11191 17542
-16587 -11421
-30041 13982
-29169 23302
26808 -11027
-4601 -1132
-26513 -1636
5568 23746
-11066 11691
16619 9371
29820 27500
26359 -14806
-30986 -20789
-2873 6398
-11548 11242
23810 13248
19535 -2525
3076 25394
16605 20933
25630 21679
-29740 -1816
-21316 18984
-2451 31085
-20828 22736
-13103 9464
-13759 -396
-20154 -16164
10873 -2703
30462 11839
-2355 -11396
16083 -595
26613 -10408
22794 -29212
14966 27341
3988 6078
-7720 -14060
630 -17681
27392 12937
14611 27244
7671 -12878
31609 14929
14992 9921
17164 -6466
19720 -14482
-22777 11218
29349 17214
-13302 -12726
14984 3882
-14898 13984
-28312 14435
-8041 -31382
-12830 -24208
24474 18441
17306 7671
21564 18712
23117 -21314
11597 -27048
-10554 -22546
-14312 7306
19128 14857
916 21681
31914 13507
5148 -10244
9945 -14384
18492 -25613
16908 -6814
16613 17421
824 28431
-1933 -29646
-18851 3431
-10312 18898
-3361 -21677
4476 -29787
-26000 -18455
18906 8472
-15753 2945
-31500 17894
31898 25097
-1593 10212
8298 19134
26654 -4398
19779 19037
9804 -27000
15462 29332
-7671 -7472
3542 -28847
-1042 16644
2720 15458
22839 -24662
21701 -17630
9601 4111
14187 -18328
576 -24050
11494 -30832
14150 29099
11720 -22974
-22474 9728
498 1050
-632 21392
-1064 11974
9580 -27343
-4623 -28460
591 -26312
-11845 27544
-23591 10089
-2181 -12923
25171 -23562
-20414 -20531
-2400 7267
-24785 -19576
-19662 23710
16625 1671
-20839 -26525
7828 578
20939 1931
21539 8089
3865 -23240
-25339 -7066
29191 -10564
-9179 6359
17742 -28917
-7029 18388
857 9791
20531 -17138
17951 -27279
-6195 2500
1595 -22373
16025 -15029
30566 -24001
15947 -8351
7517 12748
12345 -28486
-2101 25486
-31960 -23814
-10638 3554
-19277 7773
-9490 -14929
-2935 -3814
-28482 -25757
-5203 613
1728 11906
6500 -8123
5609 -23203
-1468 30085
23025 -10511
-8761 -11105
-16906 6804
-22435 9554
-22587 4224
6830 -18814
-22080 17017
27986 -21466
13779 -4382
24978 -5082
-29472 -525
-19115 -14177
-21787 15902
18691 2921
-1218 -6201
-13279 13078
24337 -16927
17753 -7796
-13525 -492
29132 -27400
26363 5826
22330 25361
-20445 -8187
-3267 30294
-17871 -16183
2566 1279
14289 -14152
-25009 -7000
19287 -27023
-6357 9042
24031 -16195
30943 -9900
20785 -16208
23693 -5828
-18039 24845
12230 9542
12011 -21029
-152 -2214
1359 -15652
21595 5800
-22384 -4378
-24693 16640
27652 7244
-8527 3410
-7242 -29466
-1324 -2525
9250 2269
-24511 -5169
-4181 31888
18914 20765
-29966 17779
10689 22441
1320 24507
-7839 -4394
-24521 28900
2796 -8609
19046 -28289
7789 -27554
3658 -20658
17300 -6957
28753 3701
22375 -15173
-4669 -9537
-29091 23033
30257 -26707
12078 11761
28722 28013
19005 -26093
-3246 -29744
-21255 13794
125 -2835
-3570 8097
-26542 17455
-7404 26892
19568 -20958
2099 8951
-18326 -22132
-26226 -27587
-18244 -29162
-19345 -17283
4625 17013
-8125 30357
13615 9115
-12646 18564
189 -23609
-300 1822
3480 29630
11062 16968
-26853 -2837
30123 -14152
15691 13400
19826 -16964
28478 23771
28804 3703
-25142 8242
-26576 -28333
11111 -24125
26722 -8099
27894 6158
8150 16935
-11302 -20160
-24138 21472
-15148 -22943
-3109 -8039
-25396 12466
30369 5496
21230 -20500
5916 19625
31796 -3408
16169 8824
-20371 17933
4199 22830
-31712 -24322
-11628 -16994
-14357 -9705
-26033 3917
19533 -26353
27937 19679
25246 9849
-3980 5888
-20330 -18554
-22046 -9435
-21927 3791
14113 29363
15730 -18677
25097 30423
6558 3480
-23648 -4082
18347 26453
-10044 15716
371 31121
15490 -486
-3523 -12593
15070 7617
26980 -18201
-24769 -4962
21062 1466
-8669 1027
19419 6710
-9957 -19371
13074 1740
26201 -2591
1955 -31005
6187 691
-5441 -30515
6531 -18324
25746 28650
3517 20953
-24261 -31205
8435 7451
-31185 -31519
-25232 -3378
8474 4064
11001 -1335
-6453 -16181
26968 21285
2357 -31683
22371 -4214
14767 -31171
-17765 23554
30859 -265
16119 6607
-14591 -16400
-27169 -14136
-14312 -23408
14410 14183
23019 14642
306 -28703
-24193 17214
-12763 15707
7542 17677
2005 4960
14775 -7531
-30318 28304
-18378 11644
15531 8289
9697 -17007
-31675 23664
-11841 -5076
-3542 -15105
-31390 17005
4039 31582
14283 -20998
12941 -15376
-7896 -4025
-20734 -15236
29044 -3355
5103 3673
-13312 29591
2017 24564
-31500 27873
-4166 -10324
-14259 8732
-23414 -8417
16027 12869
16892 20099
-10898 -10935
20703 25660
15207 10632
853 802
7263 333
-11304 18111
-7783 7027
-30906 -23986
-13138 11927
1097 -18009
-21978 -11349
10185 18164
-12474 -23488
17066 -22261
13763 119
-14574 -14675
25964 22292
-29603 18158
29392 25857
-3144 -31966
28406 8673
-13197 -15644
30707 5949
-26251 -28267
29125 -5144
8750 5001
-21710 -3199
4142 20732
5617 15179
-15914 28644
-4414 10806
5253 -27992
5923 20560
30705 25265
12175 12507
15533 929
15009 -17701
28326 22740
-6675 10257
28662 -31355
-27464 -5509
-24066 -13087
30298 -23970
31927 -26039
-15833 7080
24011 15248
15617 -8509
-21289 -25080
-742 -26500
-26476 -19224
16373 -2681
-2076 8111
1166 18050
-7183 -4742
24339 -17095
-24300 7328
7626 -26910
1320 28890
17308 7900
8794 10867
-22000 24400
-17125 -9607
3808 10332
22566 -14861
794 -29929
-14023 -13097
-18445 22726
-17384 -6509
-23117 -23076
-26894 -14617
-4871 -31425
-7253 -25085
30701 -2566
28003 -15992
8394 4263
8310 18980
7533 7330
10955 9656
-20697 4050
29921 -15089
27289 -14777
-14824 25417
10140 771
13048 21824
16103 5728
21203 -26789
-1576 27238
-20066 16945
-30638 -26236
-28822 -2923
-28242 -31265
-10917 -4189
1564 -4466
-12808 7072
-19181 1912
-14087 20683
28748 -23500
16675 -16914
-7107 -1259
-10392 -29316
20507 6166
-16599 10546
-21488 17386
-16201 -21501
-4107 447
-17476 -480
509 -27630
-26103 -21593
29339 -22994
-11949 10164
-11089 -25935
-6593 20464
-25990 -30582
7923 -2513
-30347 -5968
18255 -9628
-28623 -5375
29738 24390
-27675 -14371
-7601 -3320
-31414 -24197
31166 3728
1695 17179
28646 29083
7496 -29787
-21919 26898
-28421 26318
10541 19156
-30937 17566
17798 1414
18519 -18541
-21597 29404
-8513 13722
-3531 -27941
-4285 -19523
-6154 23433
-17765 -20757
7855 1560
22597 3699
24142 -25003
25955 8753
-18623 -7648
13425 9142
17347 28484
22171 -8068
18728 -11224
7732 -27890
27675 -10521
15886 -10166
-25419 -29162
-23861 -11378
-8146 -19091
-27410 -28283
5765 26490
20548 7146
-6343 -25267
28994 -23345
-16162 -20710
-20355 12265
26222 2083
-30128 4722
2847 8253
-6955 -12539
-6578 -25962
-150 -29787
13101 -3677
-24142 4470
29718 1654
4460 16605
10992 -17884
21531 -10548
-15796 -12230
19164 19525
-572 -22984
21669 28162
-11232 19433
373 13021
-23130 -2117
-4443 1974
-8847 26908
-9802 14306
-12394 -26691
18496 19468
-9593 -2542
18996 15867
27687 21378
-8732 9341
-28091 18957
9675 14421
-312 18306
30869 23468
-8828 -12609
-15535 -22667
-3685 -5195
-31509 -22914
18039 -13281
15359 -8140
-14046 -28201
-15951 -8035
-3755 -12056
-9968 -7744
-21810 17562
-20996 19353
-21324 -30490
-7007 7173
14162 -16837
18234 -15972
-29867 -25615
-31460 5705
-4136 13531
1332 -15179
7978 -8933
-28492 -4302
-31320 25707
16000 -5394
-4056 -3865
-757 6841
31248 11013
12410 -316
1910 -5091
-12500 -10269
6349 14746
12830 -4351
13683 -5445
26117 -8933
-8003 -4957
26759 -17775
4841 30556
-7210 -2064
4785 -27621
11847 11355
15498 28576
-7417 -9248
-24333 8958
-27171 17220
25593 -30070
-20505 -5978
-25568 -11425
21814 24695
-12083 -2357
-771 18996
-11677 -1843
-7597 18671
-11726 -828
13328 4843
-46 8468
25263 -27140
3466 13109
9007 27271
10191 -13128
-22882 -17437
-12408 -19021
-1013 3335
-3841 18892
18117 -9375
-1855 -23980
-550 -11013
-3968 -21330
-6011 -10945
2675 25585
13806 -9429
-2978 23609
28564 11927
-24107 4808
-10570 10664
19513 8369
-7650 -28888
-19367 8169
7953 1781
30892 -26978
5625 5564
29781 1775
-17222 -21843
193 14064
1771 11
25470 -15640
-15132 -22173
18166 15642
14046 15007
30828 -4470
4886 -26859
-14306 -13769
19625 6419
-19521 -16769
-22080 -2679
25316 -18691
15308 16160
5613 -13945
10986 -27550
27330 2601
23404 23109
-26808 29220
-6109 -15054
-9515 17796
259 2251
7644 18351
18117 -11871
-26650 31527
-15396 -31414
24125 7218
-30843 7919
-30728 -13302
-24269 31365
-16919 -6675
-19066 -5175
-31900 -15037
-11087 -20917
-9564 4906
2935 26328
15689 -20916
17458 -21781
23253 -7626
-24314 10398
-6484 -31542
11402 -12593
6089 -21109
-9441 -14392
-7345 6701
26009 -726
23759 -24960
-21039 19423
19615 1794
-12943 -9568
25787 -13361
15865 -16931
-4343 27566
24232 24019
-22388 -7140
-1757 -27248
28175 1351
10880 31476
19173 -1347
-20195 22121
31730 14943
-2843 -19902
-22013 7720
31800 24238
-28947 11349
-11318 -26453
-23046 -26537
15980 -25316
17994 -2513
21898 20710
31679 2558
-24925 -31843
15050 -6917
-14207 -14144
-26474 3181
16488 -1343
19289 1154
-22591 6748
6000 25513
-11468 -19548
-31173 -1015
-20990 -7244
12230 -8373
-7070 25724
-30136 8599
-1482 13767
22859 4515
22220 -10857
23777 3806
-7279 1230
-6851 9853
-1332 -6236
-18029 20968
-17714 30292
24335 26751
6191 5185
-14392 -15060
-26517 17363
-9818 -13472
-31777 18261
16654 7298
-6738 -5900
-5828 14904
-30021 -22876
5306 -8794
-27525 -29488
2462 3044
-18154 -9281
562 13892
-22607 -11714
14966 5716
-18283 21785
-12640 29960
10257 -23638
-3005 -26228
17138 -15193
10279 -8751
-12923 19566
-17492 -30466
1968 24503
31908 -4708
4832 -1544
20343 20048
-5080 21646
-25421 1757
24404 23525
1876 31132
-4083 -19933
4851 30332
-5640 24447
-2630 7658
5625 -22660
15033 26458
18640 794
-3912 -3595
-17308 10505
22914 20482
-24408 12273
12552 -31390
599 -23359
13058 -31791
-5546 -21564
-7416 9894
19560 -11130
-13736 -4226
9035 20101
10244 -806
31980 -12031
18234 9023
28560 28353
22539 -20791
-12781 5035
15412 -15816
-6101 -24363
-13609 7656
-14597 -232
6164 13080
24019 974
29548 -1875
13072 -29939
4859 -20507
23109 -3619
14324 -14423
-10759 -4572
-21312 11773
-9537 27326
-3306 -11404
23451 13531
-29494 -24765
-8082 -24023
21296 18234
-25898 5232
-13294 -789
14128 -31646
9474 -12789
8705 25902
-12085 22714
4726 -30169
-21841 27609
22263 -7681
19037 29513
-25244 27802
21867 19984
-1101 -31632
-3384 -33
-4646 -5203
-615 -12703
29857 23777
-5126 10001
6906 26843
22765 11109
-12423 695
29226 18861
15169 27851
-18171 -21183
26800 -3773
-18507 31595
15158 27953
13189 17525
6140 30644
-28566 14919
-18123 16875
12302 -3712
-24265 -20218
-2652 22949
13109 -26925
-12218 -31937
-25740 -26736
-27255 -1992
-26816 -8056
13568 25605
-25332 -18339
9654 -15701
3232 -16710
4162 26265
-25271 13197
-8697 -10712
16617 -16011
-26333 23783
7208 -3578
16753 11039
21164 17027
-12091 -8613
-28839 12742
9347 19978
17558 -27046
-12785 -25798
28818 21529
24164 23501
527 -7449
3763 1748
-4275 5142
23798 31103
6285 10853
-21015 -12761
26472 -5572
-5648 6923
-27105 4316
-15662 13939
-13458 -14875
11886 -29384
-9191 -11757
3208 3873
-17986 -22236
16048 16849
-2005 -8748
14367 24529
5669 20785
4751 9693
24421 30027
31242 -355
283 16146
20767 19140
13451 8945
28478 -7281
-3330 -1431
-25503 -12539
-15792 -1529
4257 26669
-14611 -355
14927 -3810
-9041 24583
-31111 -11849
-8445 21750
29103 -22734
27552 25310
-3314 -31431
-29154 -4800
-4548 -11781
-603 -3824
-7001 -13378
14228 -271
20437 16248
-28015 11953
-6240 20216
-28314 -15011
18458 4017
31755 20314
16333 1783
-20146 -1839
-18021 17560
-16681 -31664
26255 -6539
-27201 -8039
-22187 -7345
-29500 -19693
2835 -6958
-18537 -4228
-5160 4052
1523 -7998
-20494 6871
-20507 -31494
-8533 10472
6632 -27652
-12214 -11507
29056 29611
6666 27666
1103 4472
24640 -23242
10009 23527
23240 -16638
14816 -24044
-14029 27611
-24988 -15798
-16142 988
-11619 4410
9708 -24271
-24466 -6541
11697 12953
492 17951
-15605 7314
-19455 2648
-677 -10535
-21945 134
24009 19703
-13414 -5777
-15974 -26904
-3419 -8423
-15025 9671
30406 -23375
-25142 12488
-3943 18128
1238 30451
-27431 22791
-8501 1853
-31712 26521
1875 -14642
15125 -14031
10160 11201
23136 6794
12314 12976
22013 5244
8007 2806
22724 -15763
13847 -7441
22298 18792
23017 19884
22914 25255
28720 18865
-11435 -26796
-3527 -17140
9943 -9326
-9826 23414
-2636 5857
-18142 28800
14812 25507
27589 6687
-11667 29746
-28853 -31031
-16476 29349
29406 201
21562 -4994
-15066 -22365
-29861 19984
26589 13916
-1240 7382
-27867 -3947
-29111 15259
-14787 -31773
-20779 26386
5095 28447
6216 14582
25384 -16201
24447 13728
19679 -27675
-27537 83
25462 -17978
3458 23390
-6130 15273
-14972 7787
24986 -31773
-28048 16929
31107 -22603
27574 7693
-17062 -31517
-24996 -17431
7324 24671
25486 12218
-19123 -8888
28771 -18125
-9556 22103
-1943 7277
-28712 -27076
7222 -4207
28398 2843
-25638 -3839
-18519 -26996
19246 -22523
-9208 4677
23794 -10167
28707 -17705
15685 28978
10136 18425
6839 5683
-10232 26978
20193 -10423
17267 -19833
8314 -30044
25093 4505
25658 -5101
-26328 -14367
11970 -11707
2439 21421
-9031 -7230
-13046 25718
22560 11552
50 -27207
-29263 -8851
4970 24511
29804 -28667
-5751 23804
4089 -5660
25335 492
-14281 -22722
-5556 15199
-27974 -20765
19101 -1419
-12476 15
-14507 17986
-16888 -3792
21410 10089
20800 3095
13251 30966
-22871 8074
13251 3865
25820 23082
15199 29818
-28333 23593
-10712 23687
-15289 -1537
-7820 17410
24931 -28791
-11685 -28302
11503 -3474
-11166 21988
-7019 13275
-3851 6054
28291 -6056
-27869 -18646
16230 -22916
-19220 -6369
31552 -6591
888 -28099
-30115 -10542
12455 31146
-12279 -28519
-21615 10333
23562 3888
-12667 31119
-2640 18244
-5492 17095
-17343 27419
-28712 -5169
-30933 25230
18777 -16654
-3324 -24517
-29617 -12373
-19210 22302
25353 -12906
-17511 20015
2085 -7212
1705 22486
-19445 -20615
23179 -14492
-17630 -2160
-5681 -3296
18767 -19755
-25361 27068
26085 9539
-20183 10449
-24625 2570
-1974 -175
-30234 2044
6503 12179
-14166 -31052
-28296 -8208
-9781 -15218
15619 -1578
6650 1406
-18923 -31937
-5621 19714
-1564 -19373
29160 12341
-17765 24332
24402 -3667
3021 18613
-21119 -31716
16648 -1251
-17873 -20443
17691 -17000
8765 3208
-10777 -11474
14740 -3976
15767 -19189
23902 19302
18708 -26152
7814 16210
-1373 31296
-28740 18564
-751 -27974
-24730 2371
-22894 19552
5632 -26761
-972 25873
-15904 -20289
-6064 -22976
-27875 -11353
-1945 28498
30763 3261
-4236 -4001
29017 27820
-6519 11115
3339 15886
-6957 29
14068 -30533
22218 26273
-8480 -7957
5240 -30103
31337 -27376
10779 -20242
-19921 26802
25576 25677
-10736 -14574
-15242 -24427
17763 -1925
-2138 -14576
6783 10271
31675 4730
-9960 -21583
-3333 -18101
-31347 20326
-29113 7642
17853 -10369
-15865 2617
-23257 15132
27363 21531
12175 10656
-25625 623
15468 -23250
-1054 742
-7482 24615
11539 -5037
-1970 16099
-13160 31285
10673 29480
-5257 6412
5570 -26474
-4181 26052
-22664 13814
-15640 -5216
-19705 -12648
9250 -21058
-11599 25177
-31822 -791
2207 -21957
-2333 -7330
19562 28408
17392 -15140
-24787 -21585
650 5898
-17160 -28785
-10792 21648
4271 -22582
-12728 17884
6539 6828
56 -24832
-24783 29142
8750 -24064
6324 16167
28988 -5955
-14144 9816
-26474 -21716
-11755 -7638
4568 18064
-24222 2265
-6273 15544
-26871 19601
-28498 -21281
27001 16527
-30880 -14710
11513 20457
-22664 16929
-17753 -5667
-8699 25732
31451 -26935
-8138 13726
5378 -31230
-13560 28896
11638 15699
16849 11419
12126 -1410
14861 4925
15378 20564
-29457 21056
-11562 31992
-23134 -7775
-14083 -18074
-9107 3318
-26814 -673
25412 26099
20646 -6644
523 -30162
9880 -29357
-16515 -20767
-7154 29078
11660 10416
8589 -31066
-7781 -16718
-13367 27154
-25097 9976
-3425 3425
14003 18703
18492 14654
-18552 18062
-5515 -15265
16220 -4955
15740 -30750
-27970 -18238
-18335 9031
-11224 -25330
-6365 4035
-23355 -23437
-14042 12179
13558 18269
18224 -24056
18693 -4234
3230 3849
-21589 -472
4242 17603
-18724 16501
30720 31408
28121 -18052
15835 -24931
-28255 15384
24859 -14302
13417 -3773
-10937 -9558
10853 10001
-10898 15871
12962 14890
-15193 29386
14378 -5474
-28046 -4984
-4595 -29242
23927 -22269
18000 4888
23470 -29503
-17871 -13240
-27863 -24234
-3248 2908
-10765 10890
-15072 -3849
-14052 -10373
14714 -30269
-4458 14496
6212 23677
11951 22458
-28447 28251
23111 -4386
-10773 10462
3927 12453
-6890 28498
14921 17966
6064 2796
-8167 7126
3779 21951
9501 -8738
8705 12787
-17582 -3603
3138 11445
-14804 -31039
8134 -15359
20992 14833
263 30236
-18912 16396
31912 9607
9603 1052
-22949 -22576
-2378 -25972
-20970 -2914
3474 13541
-24632 -18937
-19824 -6404
15679 25
8556 -7023
-26992 25205
28347 -17517
19685 19896
26158 -19929
27216 29939
-4769 -18412
17492 2015
3972 3980
-19777 -3511
-24185 -19927
28912 -16468
6896 15341
-6873 24796
-7328 -6826
4277 13490
-23814 24212
-14648 -25554
-28906 26613
-13509 -2218
15699 -9962
22234 -8167
14712 -14863
-6503 -28076
24136 -19318
-31951 -24781
25423 -29919
3400 25800
1625 9210
-22902 -12468
28964 -26167
28662 25535
5416 1228
-18142 -19603
-5169 -21433
-26027 -23279
7732 -26685
1941 15191
19841 -11308
-8863 4228
-12449 -29687
-29158 -16234
-17689 -8123
1556 -12835
-30902 6369
22511 27572
-11242 4017
12363 28271
6416 -29562
30275 -5041
-7933 25072
10316 18472
6382 31019
29099 -25664
-11177 -17123
29998 -16806
20033 23007
-24341 -16632
-1392 -884
4855 21849
-11761 -16703
-16177 16261
-150 16337
26380 -4867
-30042 31615
-10849 14466
-2720 21466
29455 9794
30720 -14822
27976 25490
12650 22130
-25347 8683
-15298 -5380
13742 -30730
-10066 27351
26496 -20470
-10113 -29804
-13763 -26462
18695 -8132
17013 14087
10582 -10542
-8748 15648
31718 16435
-21644 12193
-23464 -26230
-10990 -23257
4246 25990
-25462 -11892
4435 31322
-9626 -16048
21802 -23500
-14816 10962
8482 4685
-14937 -12291
-26460 -28341
22177 3714
-19417 -2363
21812 -22380
-6798 -24078
-31027 31710
-2974 -12746
-9023 26998
11871 9048
-8324 12746
-5347 31166
6996 22931
-6958 -583
24994 -26521
16478 29093
31003 24617
-6708 -20994
-18941 -12482
21509 -12642
11255 9019
-4015 18675
-12949 5777
-18908 4835
21234 12466
-3386 -23175
-28531 -28101
-31607 -11962
9 -601
-31761 -24636
-25375 -11455
-9931 -31212
11328 -30298
11222 -15708
-5185 1199
-11921 -17269
-28306 -24824
27697 13078
-15968 -24654
-27869 9958
-2050 -8414
5746 -17066
716 -19398
-21609 -31746
11138 17259
15560 24816
-1632 14138
24228 -18005
-6476 -12771
27218 -2226
27269 -4974
14855 8398
19298 10126
580 3457
3445 10013
-31220 13722
-740 -4896
31076 12285
-7871 -24394
-23679 -2343
-28816 -30871
31625 -23828
17068 21728
20550 13339
-22199 -24197
-9980 -28279
357 -17488
23681 -11742
-22134 -7304
11425 -11917
-27457 -2435
31578 23091
-2353 -1091
17894 15042
11886 -10769
7406 -12636
-16501 22902
14490 23568
-30718 -24501
695 15681
-16021 -849
26363 -31503
-12304 -29291
1 1111
-12841 -13023
26093 -7273
31224 27265
24822 -23644
-2253 12351
11876 -14289
-22595 -681
22750 -9058
-16607 -1890
31683 26835
-2291 -17265
-19464 10417
-11740 24039
15935 25193
15861 -5226
-28648 -29408
-11687 -16056
630 21998
10314 17968
-9541 30230
7044 -9041
-19306 31634
-28919 14140
2058 -24359
26828 -24181
21662 13365
29687 11798
22033 -31210
16125 -11423
-16162 24060
18830 -16484
18912 -13687
-11546 -13865
30054 -11779
-24972 -10978
29662 16005
-6433 30623
-19894 -26406
-1804 13771
3912 -23242
-5250 -16443
-21236 -19945
29843 -22568
-16669 -8156
21478 -23607
-20060 -7933
14388 25724
5560 22130
-21119 -4738
22125 -23171
22566 -29353
-22558 -10066
18367 3296
-30990 3511
-17939 -12525
1171 -22164
-11550 28478
27484 27087
23628 25138
-19134 -14580
-22919 -5224
-21279 17539
12433 1164
-30787 -29353
-7673 1160
28968 25048
-4060 -26062
-28201 31792
-13986 -29474
7296 30845
-2267 1230
-17218 -17494
14523 -6101
-11005 -17623
-5662 -18058
31722 9794
-1138 31412
11707 12941
-6597 -462
18427 15242
18183 15482
-6199 18185
27535 638
-3457 -1029
-15220 -20498
15132 -2765
4574 -6044
-28091 5810
-13835 -10833
-1822 -5027
-30392 10980
13212 13009
24242 3375
-20058 20933
-15302 23638
-18386 13621
-24990 25949
-425 31892
4304 -17767
11191 -7335
-5205 -27333
-17623 -19398
21611 -24203
-7304 -12767
3330 -22531
-14728 -6908
-2888 10183
-17638 -28859
-11228 11603
-18507 17144
17029 -14833
-22623 11392
-6726 15166
12914 31298
-26371 7181
-4818 19408
-12410 -28732
30478 13416
-12037 -14558
-19359 -22488
-7707 20248
-375 -24966
23554 24142
15486 -30232
-21136 2056
1894 -20958
-26289 2759
-15634 3015
4115 13705
10714 -13644
21238 -23248
-29767 -20339
-12605 -14656
14988 -17185
1945 -11474
21287 -1750
12324 3818
28119 17076
3500 1308
-18501 -2992
31681 28509
-2193 8250
1324 28404
13949 -9324
-22458 -21423
3146 3638
24767 -2498
4798 8263
4117 28748
14867 17527
13826 22310
-12712 1953
-31769 26636
14443 -12244
-26593 -26914
-9156 -27085
-12728 6205
31310 4097
-19234 30949
30837 3162
6363 17296
8320 19355
-6796 -9382
4810 -20277
-30488 17664
-2408 25357
-7878 29320
-15974 28832
-28851 -20910
-888 14474
-16453 -13859
5550 -1414
-18503 5267
-19408 -6353
-26042 -10007
-31384 14423
25996 1613
-26927 -3457
4996 -13423
-14390 -28300
11378 28005
-22666 -4353
-2923 18744
15044 -6171
-20138 -8896
28779 4394
-30404 8964
22949 7195
-16343 17294
-2333 826
24337 3615
-25457 -31480
28478 -27060
-27080 2310
24367 -2283
30646 -4037
18271 31884
-298 30015
15988 -2400
-11642 -931
18455 -5539
16218 -16871
12890 13767
-19056 -8183
-30062 23556
27175 -10210
22875 3890
-5310 -25042
-31414 -8898
-22248 -326
-13482 -24173
29562 10515
-19431 -12566
-17986 -12195
-24416 -10552
23363 -3986
-16455 -13232
-20724 28216
-16142 -25630
-4378 26781
23072 -7539
-2984 -10681
-2642 -30162
29869 3414
-18595 -29597
-14759 -30224
-28353 -22527
7140 20382
17226 13365
-21863 11650
-1966 -1535
-20589 5501
-6453 -29056
30814 437
11070 8410
-6330 17585
8689 -23439
-20703 31117
8552 4017
-19535 21898
27111 -12128
-19154 9099
21865 -29060
-28806 27375
-3123 5710
21283 -15886
2873 -9400
7392 -24544
-23800 -28548
29910 10601
-30371 -14222
-626 -24578
23044 -863
1060 15257
2955 -23476
-31716 -28892
13173 -3763
-12271 570
2320 -19728
28109 15515
-6000 22925
-13587 -5419
9656 -4636
-4460 -21697
21960 -17923
14917 9478
-1621 31085
-17455 26382
-14816 25423
11525 15457
-12814 -6451
-4562 28583
29689 -28380
-27011 -5492
25880 -31417
4062 -17068
14214 22986
-26814 11718
-9769 -29623
7306 23115
-15496 23425
22298 17787
31476 22644
-2560 -26005
28914 -14458
5449 -24228
11941 -12326
6099 -19496
-27515 3529
1525 -16986
28378 12378
19515 -29533
23388 24878
-3132 3335
21228 -1539
-21923 29216
15166 25226
20917 -20441
26769 -30640
-19820 -13068
16865 -4556
3087 -1744
-18865 -10908
5228 22181
6033 -27013
-26796 -4585
30560 5058
17072 -26511
-25671 9654
-28734 30363
-11179 25582
-2023 19695
16115 21009
11763 13083
-24447 -27902
-1167 -26843
-3261 22935
29460 28902
-11203 24617
-15667 7474
-13937 20757
31279 6744
17701 -16835
16791 1880
26798 29009
18437 5515
-31865 -23042
-12623 22970
21412 12201
-6650 1861
-30488 -8966
-22228 24423
-10486 -28058
26654 -9789
-24154 -24072
23792 -5531
-17343 -26468
-20267 21191
-13316 20058
-3699 16921
-8947 -1996
3724 -12841
26023 20972
6492 -10673
26689 17076
25589 -8283
-17714 -703
21849 -14939
-24619 20285
13169 -18224
-20591 10207
14724 -16052
-4111 26230
28609 -15152
-10392 19611
-2333 -24001
-5486 -25443
-12250 -10353
-28158 7406
-20332 14054
25902 31634
13990 -30662
21279 -8310
-1171 30871
-25541 -17945
-12138 13658
16699 25601
-20832 -29765
-5097 31808
30267 -18662
-8572 -17580
-26556 20716
24917 17128
-17738 -18953
-9902 21812
-27984 -15441
-376 -31269
-13384 20828
14927 25681
25820 16294
-2835 23191
28546 -23300
4029 -31392
869 -13544
8947 -107
27982 21732
1822 -15283
-16054 -26287
-31279 -23541
-20230 1492
13617 11933
-22033 -26984
-19972 -12130
27931 2927
-9648 28943
28761 1083
-15882 -16509
-19902 14216
-28677 26693
24367 9101
1330 -23335
20488 -16185
5152 16392
-12640 24208
11900 16539
-27167 28640
-3654 -10093
30552 -26787
-20650 -14683
12886 -19408
23042 -18283
14283 24154
-8720 4843
-6609 -3662
-1820 -26689
-15882 9564
-20689 -30945
-28156 3410
9187 8703
16687 12921
-29087 -17869
-26933 7460
-30230 13537
11378 31333
-19427 -6207
4107 -27490
-14126 10386
-1587 -10724
166 16531
-2677 -11658
-29433 -7382
-7730 12294
-19433 19562
-29412 5224
-24605 -15611
-3828 18294
12453 -2269
20716 -10695
-6355 -24527
-2677 31369
29949 1546
3908 -16033
-10416 -12126
-4628 -2396
-21244 -19527
-29853 29794
14900 -564
31050 10181
-24609 27919
1458 26835
27429 13802
16265 -29337
15478 -5318
-3845 23562
3203 19542
-20656 -13275
17767 30511
-2500 -1179
4994 19308
-17923 31957
-3943 -16853
-25980 -13730
-5615 -7361
-26621 -10916
2859 -14224
16179 1416
17513 -13796
-2236 25808
-24064 -17941
-24136 -1496
7335 13509
2998 3671
21353 15718
-7138 -16636
-29951 -4417
24326 -13494
-29005 -26232
-31351 23757
5800 -1892
29181 4716
-5519 24300
-1720 -2732
26851 -24919
-4111 -18533
27703 -2917
13414 -6613
4523 17019
3572 8232
25875 -14884
-17960 -1253
-15195 23390
-9095 21734
17488 -11650
-21396 19804
18656 -31205
18904 15626
2951 3960
12294 22015
3410 13009
9146 -31033
10710 -27904
21041 26710
-10910 -30181
17779 17076
-5197 -27845
-31750 26607
-5244 27111
-18283 10666
21634 25291
10292 -1492
29742 19833
31431 22589
-21892 -6050
31669 -18572
-1132 -8667
16505 7306
8224 16947
-23796 19546
-29556 16720
-11919 20183
4105 1966
-17628 -16406
-7896 7076
-14437 20472
-27496 20458
-642 -4796
7947 -21615
-12810 10591
30500 -1759
25537 24230
-7789 13062
18710 12705
228 -23029
-2292 12599
17066 31988
-24632 3906
-9095 31263
-9640 24775
16357 -27480
-26476 4857
6707 25166
-1279 -24402
27919 -3150
-22939 -8845
5535 24074
-2525 -22996
-29853 -18548
-23539 -3501
24656 8630
23275 5332
11068 -22494
23195 -25076
-8173 -5435
-18574 -23019
22263 11755
-30605 -14195
7074 -15279
19601 31632
15269 15744
29384 30451
15119 3718
5718 -9160
12814 23962
794 15277
16580 -5416
-8541 -21580
-13824 16837
-15441 -17332
18792 -4683
-4757 7550
5906 -10703
-7677 -24019
23650 -20175
4009 -12697
-28052 -6490
-2896 -29498
-9683 -15056
18210 -31314
26410 27947
-29423 -9482
22552 23076
-4539 -25175
-13976 15144
-23900 -21384
-24289 3583
31339 -3429
-27087 27869
-4011 9941
-24574 8068
11591 9183
-30707 -17550
-14886 19130
-18371 -3992
-25408 9070
6140 -29634
-3847 -20875
-18496 6183
-5671 23652
26416 -11472
-19707 -28677
-7714 -12195
-8634 -2837
-5980 -27197
-28691 28681
9019 -26527
8835 -10046
6724 13873
-13833 5654
12308 31787
9880 -26589
-15259 -2693
-22046 14535
24888 21884
5490 -28787
11367 -11625
23685 27837
-31169 24554
-9433 -17017
18500 -6191
-21900 886
11699 1193
-996 10910
-21003 9259
-6548 -15955
33 -14603
11726 -29023
-26144 -564
-5130 -1949
-22248 -29312
18904 -11066
11531 4984
-11580 -23591
-18558 -2593
25927 6201
20921 15589
12835 -24828
-13203 14175
-7402 -22919
16429 -3519
-26974 -3445
-4421 16251
-6177 2515
6896 29496
21021 -28695
20546 22498
-17207 12234
-7726 10013
4025 -21304
26093 25714
-26679 3062
-19449 -9078
22730 -6957
-6703 -8169
3902 -12011
-20625 -12572
14191 11677
11480 -19406
-16750 26658
2669 21847
5687 24861
-13382 21482
-16570 6576
-1501 26767
-18517 18226
21095 -11957
13308 12658
27740 10880
-5833 5326
8777 15861
8451 -15789
20925 -6488
13984 26652
-6654 -9609
-8537 21259
5300 28755
-22468 -7431
-12281 8478
8203 498
20185 22431
-20523 -23986
17410 -27453
-14199 25710
27603 7406
21998 8724
-1140 -19632
-25496 22363
6636 -18160
15800 -29363
-12341 -2824
-17623 -23439
-21378 -2976
-19375 27117
24751 -11500
-15837 -20712
-27271 13392
8447 -12226
15767 -13962
-7802 18599
-25085 -25296
-17332 -2130
-6236 23082
3105 7623
8259 326
-25679 -2833
1906 31732
0 13390
20199 16832
28812 6242
-4060 -20792
-556 -267
24017 -19103
15515 1332
22570 8845
-9269 30066
-26921 -20994
-7886 21501
-783 -13191
5705 558
93 -3000
-25169 2761
14957 -25691
-27033 17585
1900 -24945
-20470 5962
-11703 -2843
-26041 -10279
-30767 -7648
31769 8484
18746 15669
13505 9109
-21695 -20880
-2130 -23765
-5570 26613
-11265 -12253
30664 5640
9798 -16972
25507 -7771
-7259 666
19884 16363
6500 -9326
-30816 17914
-26609 -8804
17095 -24962
-6744 -22339
994 24759
-11419 30146
5804 -892
11744 -9830
21785 -13916
-10267 12705
22660 -28335
-6978 -26958
18082 2740
20515 5902
-8349 26357
-19125 -19826
20349 6449
2003 -4115
31333 18501
19625 11396
26884 29166
-24824 -10333
-25013 4699
23531 24021
-41 -10171
21695 10847
234 -20880
-27517 23998
-5966 -10775
26923 16560
5642 21824
-14724 -29277
2142 27982
-29232 24328
-27839 -12621
17837 3146
-20007 -19818
13656 11673
-27443 27912
15398 -5302
11130 25685
-19744 19365
195 27712
-27933 -23542
-10087 -11087
-20406 -26658
-12109 29462
2376 -30386
5791 -18326
26300 -1992
-12783 4947
8482 -197
-4562 13068
12787 -2978
25906 24640
-6884 974
25937 13070
16203 31667
14468 -18482
-12472 15630
111 -21435
-24388 20785
6656 -24302
-1171 -17660
16175 -2248
15982 -25812
20541 -14031
25177 30201
-28958 7511
-10365 -11492
9042 20679
7109 23087
636 16255
9070 -5232
3570 -11029
-23908 17216
-14900 17648
31244 -9035
-25808 3929
-13095 11464
-5994 17023
-1623 2031
-4546 -17785
-22173 6621
-24867 -21082
6464 1250
-24160 -29042
-11863 -11033
29505 542
9351 26003
7820 -25187
5941 -3128
-13699 3134
-31820 -26533
-5029 14683
22525 9990
644 -13740
28785 30330
21744 6515
6423 12824
-21113 10423
-18830 -27781
-30216 20857
7281 21521
-18181 -9343
24873 -21007
3923 -10140
-31330 9312
-13699 13322
23115 2232
15968 19785
16804 -105
7917 7503
-10107 11408
664 -4017
-13621 -22134
28847 -781
17853 14626
-20001 -29566
-2650 29527
22439 11351
12667 19525
-8417 -2066
8230 4986
-13277 30615
-1474 -21519
-12037 10126
19353 1667
-18900 -777
-22914 -19857
12150 -7365
-24675 -26238
3656 -25906
-25601 6484
29267 17863
10304 -5726
-24787 -12552
-11744 15091
14595 -15884
-4734 -5455
-23421 -23953
12423 24140
-27556 -11142
-30986 15095
18419 31541
17136 -17615
-16082 -11216
-21451 15097
8095 31035
-25869 13345
-27720 2705
-15525 30841
-669 31218
-8734 -26871
-29279 -4302
14021 3160
-23566 31550
-25833 -16869
10855 9863
-22667 -3326
-5005 11240
-60 10531
10464 -5654
12673 15238
8185 -8451
-17951 -5503
21429 -20507
3324 19263
31650 29294
30244 3365
-18275 2912
746 5621
-14720 -4710
9511 19828
16044 1183
-24339 -16896
7246 -23355
13722 -14708
6001 -3253
-9416 -4574
-16097 -31525
21853 21181
-9998 16048
-18240 27154
8615 -21986
4966 -8318
-23746 -25886
7572 2416
30267 869
2685 1501
18677 -4496
5898 10228
-17587 -6455
-13962 -5611
23992 -8136
22974 21208
-30472 -10154
-800 -9705
19347 -18865
-18912 7
-1128 23953
12800 31628
-13505 -16986
29794 -22714
9955 -22537
-20894 -29441
-6412 29962
24015 -1634
11853 -21914
-30224 -8339
26640 -3890
26265 23050
-16367 8714
-7447 3363
29027 -20349
19937 7939
19251 8906
-20255 400
6769 -17058
-4335 3503
-5371 23566
-10175 31548
18101 -9414
2867 6773
11382 20160
-15970 -5730
25171 23173
20390 1458
22937 20156
12880 -4068
-6060 -29470
-8664 -8351
22404 -13236
-14843 13130
-8552 -2722
2265 -1421
-13533 3433
18097 -11882
-1955 13105
-5865 -1255
-6490 30994
-25052 6003
9351 16964
14349 -21548
26423 -12644
10046 24708
11054 9310
1933 -13777
-1044 30986
12996 5330
-27673 912
-24406 19019
-10576 -12521
27017 20847
-29214 -8814
-24732 -5576
9638 -31052
-9892 19558
3408 31755
-30423 -31914
-13421 5117
761 8414
3492 -1148
-7134 -990
-15779 -5099
23359 20742
-9640 -23068
14302 25271
30201 5990
-2359 -28699
19787 6068
5007 16679
-26595 7683
-29250 -2771
17910 -21880
28439 19882
-2259 -26521
-2121 -14841
-21923 27728
-3812 28160
11619 -8310
3988 14968
1347 27138
6212 24800
27771 -14621
21425 537
13154 11480
-22779 -25001
-8832 19142
5958 19630
-29558 -14320
-18322 -6277
14632 -8033
-27429 28378
4267 16271
-5322 27353
-9705 22863
-7347 -6927
-28277 2134
7453 -1304
-4240 -10966
2957 -8814
23283 25224
13226 4117
-24992 30291
7626 -15523
27132 21966
-1462 -10898
-10810 14341
-8361 -14255
23474 -23730
21777 21386
-2982 18250
-12822 -15884
-18857 -31591
-3560 12183
28496 23568
17347 -4546
12550 -20830
14603 19755
-6164 -14701
-9265 2023
-11148 21085
-2484 9669
4658 -28244
-4931 18306
-4548 -29136
-7605 -27527
13894 -23500
21246 31410
2990 9531
13367 -22171
13595 -11486
-21259 30101
-11531 -24335
-2041 20193
10267 -25537
-15812 30589
-111 -25279
-28187 10144
-11132 4273
29595 -28173
-24972 31162
-13638 -15439
19638 12021
8195 16333
20589 25968
-5691 -13412
-9089 29386
19472 -23152
4546 134
-7898 31337
-21708 3484
-19156 -933
20345 27566
-1210 17273
25460 -31679
-28242 -14488
-12111 -1820
20839 -21316
-5921 -12886
-25015 -9320
24412 -16763
1558 -21849
-3984 -8406
-11632 -26730
16808 29833
21800 30666
-14384 -3771
-25187 -2396
6753 -28662
-19947 -11335
-8322 12105
-22232 -17873
-10177 10169
-20863 -23886
17386 -9263
19132 3042
-6826 273
3279 4214
-19410 -21531
-25796 -17037
15181 -25636
-15623 17728
-22656 17888
23902 -11480
-28298 -27414
-1240 10890
-23417 4574
2259 -24824
12941 -2646
-25318 20564
7175 21841
-20439 -26753
5861 -13417
-26822 -12742
-25804 6876
-26417 -2841
-23005 -2503
-13613 -18482
-7773 18097
-2472 25304
-31458 31605
15699 14060
-19195 12271
396 10515
15193 7224
8761 21173
17671 -128
-27490 326
-4531 -14138
24900 -30671
15859 27433
-24656 11808
-19031 14744
25957 -24492
29287 15916
18507 15515
-19826 26101
12042 1693
-12037 10007
22080 -26925
-16541 3013
-25246 6414
23419 -6109
-20064 9519
-26347 -19675
-13373 4882
7935 31312
-17537 23373
20011 -12806
-15582 4550
3761 28880
-22556 -10617
-19789 17734
13541 13144
328 -13640
-10677 18218
24978 7408
8716 10921
19738 15261
-31830 -17529
10589 28845
26355 -884
4779 -16011
-9583 14267
-22695 -15218
-3808 7341
21419 30574
20878 10564
15390 25822
-11279 19710
-20917 2113
-1091 -29835
27642 -6166
-22976 16150
-16759 -3207
19062 -28359
16103 -398
-1136 21474
8402 -30441
20281 279
-3667 12888
10332 20021
-4460 22906
-27679 -20726
14314 -9833
-5818 8599
7900 -8072
18791 22654
13025 29503
16361 31273
-18964 -21414
-21960 24455
-25298 -14371
-24414 -25312
24642 8201
-29875 4097
-1800 -22468
-27912 -1207
7679 26529
1050 -3371
-6287 -595
-19171 15521
-17125 28873
-12150 -7250
-20832 20162
-15248 -31769
-12080 25667
26021 -873
2392 -10078
12369 14919
27343 30105
21664 -28125
12597 13101
-7320 9367
-708 20541
11476 -12765
-23609 26908
5789 27669
15826 -566
23166 4193
30796 -8611
238 3751
-26580 21904
17712 26095
16138 9892
-18955 11357
30572 -5613
-8560 22488
25785 -8501
24755 17724
-20960 -22634
15017 -30541
21070 -11523
31457 -10824
-11837 31341
22607 -3685
-12044 -8525
-8638 -29189
9873 13117
-30277 22863
-3835 26763
-12144 -19212
23246 7003
-30664 31072
18394 26886
15058 23689
-30798 13966
30251 19000
28185 18679
27546 6298
14234 2027
29386 28201
16480 17376
7488 -24851
10351 -27267
19800 26517
12083 -31531
-4373 11476
18707 -22265
-28271 -11492
18816 -12958
17847 27310
24511 -25441
-1212 -23867
-2593 1769
-29341 2197
6056 -19201
-26929 25226
3419 23240
26859 -2224
-14160 -4677
-14199 -9705
31744 13339
8062 -25013
-25560 8763
12115 26349
-2123 15027
458 951
1746 14501
-1412 6849
28683 13974
13031 -17779
23083 28843
-17250 10876
8052 10037
2974 -14363
-5386 -16275
-4812 -19203
23990 11099
7242 23656
30167 27261
29816 15095
31210 -3378
-472 -5880
22255 -2828
17324 15326
13402 -1052
-30314 10353
-27847 5466
-28322 -22708
-28189 -23386
10294 -15837
-31644 -9320
8617 22841
31105 27437
-30445 14859
27402 -8361
24136 -13759
-26357 -14689
25740 453
-26562 19294
23498 -28488
31394 -23900
30255 30996
8962 -6578
2712 15980
30314 -25281
-12443 19039
-22671 7687
-18984 -23781
-13615 8140
21792 -10027
-30855 -17189
-13583 -21060
12677 13488
18703 -9865
-29572 29781
4738 6132
-4437 -13988
4910 -28169
-5558 15677
-24458 9447
5800 16449
30041 -7486
31625 -5451
28052 -8306
-19494 31609
-4970 -22820
-6013 -7787
-13533 -22880
29917 -1906
-7064 -12105
19220 -21486
3326 -19802
-15205 27888
-18363 15806
-29042 30248
-1722 8804
21962 6033
16179 25853
8759 -5910
-23716 6738
22113 -12013
8902 -20636
7386 16005
-9503 8125
-6244 -19341
-12285 -4734
-4126 23960
-12166 -4556
-22812 20351
-14001 12236
-11238 -30892
-7982 11501
-21929 -29408
-31093 -10507
7654 -1630
-27947 -7171
-5945 -14199
12703 11900
-26519 20441
-5261 -1072
-22812 17082
-14457 17046
4910 -9085
17912 4003
-29650 3515
25017 17484
11216 -7171
-24841 11027
-9310 -21283
-11248 -4091
17107 3287
1884 25019
-7828 6171
19552 23242
11208 16472
-26187 -23732
-15875 30007
-1896 30572
11566 -498
-6248 -15349
-1638 -31386
-9025 -17935
24669 31398
3302 30525
-5949 9541
31859 -25503
-26900 -29632
-13445 30601
13511 -11224
-4638 9927
-140 1916
-27162 -20835
10470 14382
-8541 -26603
-4556 28974
7001 1650
1082 -4167
-13912 17066
-14578 -6375
-9869 6562
-5269 -2421
9082 -27714
1998 15724
-26328 7382
-23212 18738
-9746 15173
-2419 -18945
18740 -9740
-14511 20527
-7402 -2103
-22476 6781
-6447 5355
-10628 -17777
24880 29408
-9546 9978
13048 -21681
17210 -378
13798 -14914
29580 -9076
-12699 19574
6755 21609
27910 18599
9568 20203
-16308 -31548
12890 -26839
-2046 1482
-8222 18837
13431 -28099
24968 21554
-28765 -9958
-30330 -25228
29318 6441
-8470 -18435
8357 6154
20345 -29335
-15208 -18400
-18707 -2250
27646 -9275
17242 28523
-5048 -13642
-1308 -28980
12873 24560
26533 1740
-4244 25099
-10484 4951
14244 -15253
28187 -12248
29910 9162
-25369 -19121
-1421 -28103
5150 -10386
-19513 10568
-7630 9666
22046 12220
21808 -29
17005 -10111
-691 10460
17888 30015
8373 -12763
-21335 12490
25650 5332
17093 -20349
-28574 14195
-5771 -21763
-281 8597
13142 -14291
8648 22144
-27371 -7394
-14511 28824
5160 28595
-6080 -7089
761 31947
-13945 -1343
-17748 25220
-28632 10197
-17781 30458
8742 28761
-26359 -24669
-21791 -19886
9318 22775
20382 -13376
31357 -15019
-20992 12113
-15429 -25925
21435 -3892
7027 -3664
25617 8476
-175 -11832
26330 -355
22474 -13154
23902 24916
2564 -30107
-5072 -13542
7251 13337
7562 27941
-19730 -13947
-19357 -10351
-4210 -30960
-28773 24810
-27878 -2257
3972 1488
9566 31849
-726 -17714
17300 -22761
-908 6359
-12275 16144
27650 1609
26017 17445
-18574 -20812
11035 24054
-15947 23566
-22304 12658
-23580 25185
21464 -10654
-13867 -24070
-10919 -11490
-4199 24363
17732 13861
17990 -13687
-17265 24939
2519 30154
2857 31392
17226 16447
-18199 14986
25289 15957
-11279 29179
-26613 -24679
10257 29646
3322 3451
255 14314
15050 -15564
-1865 15695
-26386 -21414
-5021 3416
10199 5828
-6414 -10494
-18246 6267
9541 -16097
-28880 27546
28767 6248
16197 20259
14060 26638
13232 -8998
15017 16312
15144 -6814
-4261 -5501
4492 20488
6599 12496
30996 -5763
14207 -22746
26630 -20812
-20210 22462
6205 -12935
23632 11919
-15490 20369
20277 25761
-4705 -21906
31365 24279
5687 7000
11259 20189
17585 22701
-26021 3669
-28830 16685
-23044 -7791
14636 6759
29425 13683
-18642 -7824
22525 -27935
16230 -7496
3812 -26816
-16105 -9337
9017 -16044
19386 -28037
-14531 -16992
12574 19566
-937 31070
28166 2759
7070 16333
11533 26332
7072 6222
17085 -6031
-10609 21349
27841 -2808
29107 10023
-27882 -19203
-24611 9082
-4345 17570
-30447 -11433
10138 25916
-5542 -4582
23871 -4185
12519 29578
22195 11923
-8283 -9623
-7947 21697
-5464 -23201
20984 -2285
-20925 -21007
-7828 -2636
-18896 -12134
6810 1478
6146 1044
25150 -21734
-6201 -21261
24648 -9572
24552 10466
-6783 -583
22628 -7519
24605 7222
14494 2917
9453 -5417
-25693 -8777
17869 17175
21412 -14902
-6839 -4458
-15943 -22832
-15093 14162
16126 15919
-28544 -30511
203 3083
-14931 24134
-7162 -18578
-1828 -5548
17804 -6558
-31619 16648
20923 -18203
24119 7380
-4126 -10937
22935 -24402
-14947 -16806
22091 -11492
26878 2472
12228 -31498
-9798 10589
2283 -19765
19205 12027
-19466 -29703
-24267 -14810
6195 21683
6138 -12789
8361 26878
1589 -19876
-3408 -10947
316 11140
10035 21125
19560 -8068
9927 24152
2435 31949
-4421 22398
18167 18087
-15591 -12121
20785 -525
-10640 -29880
-18839 20011
-27001 -11808
-30318 21013
29708 -28722
29982 31136
-6677 -1292
-30707 22957
27873 3464
-958 2105
-31357 -2023
31902 -18191
-18425 4656
30367 -5732
-3884 -11728
20558 -11761
30705 -25988
-30988 -18234
13464 21562
6580 30650
-16818 -17003
6277 23859
-12054 -5636
4134 29203
16398 17824
3716 -2839
-3417 14462
5847 9835
20765 -24298
11626 1652
6951 -17558
-23570 46
-17582 -27820
-22501 19923
-8994 2470
17484 5363
-13248 -15423
31701 28753
23894 13078
15070 14078
5939 27482
16974 23859
13714 -642
15615 -23261
22439 1369
23636 12857
29556 12078
11841 -15767
31238 24189
-7185 9962
-11281 -14621
10341 -17521
-28949 -12160
509 -19308
31806 -17054
-4556 11232
-14957 -20753
-27642 -19949
-5869 12933
-15466 628
6062 17716
22820 12175
3125 3830
21736 -29978
953 -5025
-29666 -19560
29458 27519
17541 2417
-8316 -10781
-31888 1423
-30345 -21757
-12214 27525
12970 26160
-26806 21660
-25546 22052
17492 26697
-3691 30423
-15250 29201
-13031 15214
-8535 30259
16673 11246
30310 -3980
5902 720
-31693 -30316
-445 -25267
25953 -9146
-20906 -9255
12835 -12992
18859 -13511
13107 -24210
27316 -25371
-22550 -7171
21564 -7636
-9966 25396
-9728 -6632
12673 -23664
28105 -4414
29845 -11685
11578 -3306
-8312 18398
19847 -22257
11910 26277
28263 935
3775 -25197
24476 29298
11792 4181
-28589 7816
-6886 12542
26521 15076
2503 -24500
31107 7498
14474 22179
3722 10369
21056 -28986
-2300 5144
-6236 -13580
25666 27111
26001 24603
5531 28041
2976 6464
-8054 21455
3933 -9466
-17949 -7294
-20880 -13560
-28597 29175
5593 12457
-15541 -4021
11546 24673
-25722 13468
783 -27025
-14458 24203
5822 25785
712 -5816
22177 23453
10648 -31886
-9449 1185
-5082 -4675
-9505 12687
3744 25873
-13050 -1984
24917 24998
554 19167
-29333 23359
29513 13582
-19830 -11634
7523 29644
-20031 29001
-31496 12722
21351 -3185
10941 -23837
-18181 -25886
259 -13294
20814 -21708
-9312 -1972
-20628 -18140
20490 15736
-11509 21369
-29919 -18550
22396 -15789
-30748 8814
10830 -17882
982 27240
914 3033
-26087 -2722
8900 28519
10605 -14078
22888 -14113
-22447 9003
25519 -21884
-18152 -1822
12185 2816
-1533 -12500
-11562 -29386
-14046 -10771
2548 20427
-8666 -30076
-2201 -30623
5818 30101
-13132 28429
10564 27132
-2000 23886
-2912 -19935
-12402 -29058
23740 30521
-6787 -12767
31789 -4050
-7908 30000
263 804
28732 19646
29089 -1017
19980 30527
-18662 -22214
22462 -16048
20574 -15791
-19916 19548
15849 -11166
-28425 15767
28660 26994
-27306 218
29287 -23697
-1722 25964
-4445 -28298
16357 9626
30482 -8654
4257 31101
789 -2296
-18734 -6464
9728 -11021
-15513 -16972
-17861 -23970
-1150 6376
-29261 2035
-26429 -20732
-22431 16146
27166 22958
-30992 -20107
-12072 11429
-1875 22361
22333 -29416
19292 -23587
17 24287
1337 6095
-28431 8218
-8537 -30875
29480 -8953
-19353 26214
3554 -7412
-611 -17748
-2574 11408
27332 -22421
-31466 31128
19085 -24988
20865 13554
-10298 -18837
15273 -29017
-5097 -5609
-8343 -24376
-9978 -21791
-26322 -3935
26082 -1298
-11523 10054
18117 921
-27902 -269
-904 -23878
-18351 -4847
15705 -22699
2767 31216
4115 24390
-18873 20478
27542 -1121
11224 -16980
18310 -31695
-17564 -52
-25708 25775
-19289 -5718
6453 -14265
-7279 1009
-8511 3966
13541 -25781
27 7214
10697 7285
-25306 13978
-19609 25833
-30341 -31601
-27636 -10748
-18478 16550
7906 25742
-31916 -8148
-2185 6742
4996 -14505
16224 -6765
-4367 27341
-15429 -15126
21765 6164
9109 12269
-943 11027
-11210 -23730
-24367 11714
3841 -18730
-19269 5046
-29105 -20677
30869 7775
-746 -8421
-16111 7101
22183 -19808
-28535 -12664
10451 -9343
-28460 11248
-7726 -31681
-24548 13958
29591 -5505
13998 -18849
-11371 -17390
-8648 -26095
29458 -4078
18521 -22367
13691 488
29541 -3093
-17667 22003
25771 -26572
-30353 20134
19902 -14298
-23435 -22890
-23330 7431
18326 -24630
-14183 2937
4888 -9080
20115 -19472
22238 -10414
-24558 -18404
-2167 3021
-13896 24781
24542 923
21541 -22162
5400 -26408
-7109 17941
-24777 -2519
30091 -24994
14535 19960
-13720 4667
26560 13285
750 -5953
27507 -27449
1501 -24658
-20656 31750
16554 -5761
-20589 -3822
7658 9511
18726 22564
-15023 -13039
8931 -27539
-16642 -2722
28966 -15089
-3468 -25537
-17066 -13900
-28662 1865
16845 -21746
-18361 -11328
-28068 -25019
2804 -11673
-8910 -9314
8099 -15630
2394 30142
22494 16259
-21837 4962
-23931 22251
-14208 -775
2351 10294
-2789 -16113
-14425 16542
-16949 -388
-6353 17896
23144 -2968
-22164 22429
30447 7714
27396 28925
27123 12052
835 -26183
10156 -30412
7029 8253
12306 13292
12750 -9939
27898 28730
-24867 -5761
13986 -31816
-2181 8779
318 -9150
25548 27896
-19214 -11320
27732 16933
-7564 6326
37 17740
-22312 7226
19914 28291
-29708 -27677
5240 17550
31 13613
-17347 22623
11458 -11291
-23148 -6308
27660 7224
14484 26091
-26888 3589
-26156 -20328
-28201 29687
18996 10912
-23222 -3152
10714 -19603
-2677 12462
-1177 -22947
-28136 -16146
29765 16734
-26583 -12384
-17263 9593
-5212 13355
31242 -13261
9582 30271
5748 -19464
621 -5720
-5060 26248
-24531 -6730
12359 -19974
22083 -20662
759 24945
8853 8285
-20964 -18441
-13943 17916
31296 -613
19363 4066
-8513 23207
6181 -4896
-24029 613
-12257 1845
-28783 23255
-21488 -25488
4769 14078
28597 1542
-1826 -29408
11523 21166
-24294 -18900
5111 -9082
-25167 16531
3380 -8287
-11070 18869
-11962 24656
26025 -19884
16792 16914
2945 23210
24289 20189
-29416 27419
-3246 8236
-20982 24845
17658 -13046
12679 13298
-17460 -23425
-9433 -13958
18644 -3912
2820 30673
11169 6105
22859 5347
-23277 -18818
-26609 -18416
-29462 -17580
7072 5324
17724 -12431
31191 -26054
-15824 -21792
-16525 -3000
26419 11703
-22167 -26316
-1732 10210
-5550 -31144
1949 -1658
-16226 -16486
24119 -970
-20347 -29335
22279 2169
-29099 13257
-28109 -28898
26582 15480
12103 -12914
4394 10382
-24525 -29955
26962 -22552
-15310 1964
-21134 3218
23378 -22505
-9363 27099
-31164 -21353
21917 -18699
6769 -20109
-19869 -28943
-20937 4943
-25488 11273
-9972 21271
3546 -1828
-3906 21460
21830 -7246
13335 -18734
31072 4199
-8812 -26140
-19662 27433
-7603 -2716
740 -3394
-12259 -822
-8837 26046
-28486 27158
-20031 -9882
21314 -14574
21431 5033
-17982 -26478
2951 -30486
-19562 -17453
7474 8158
-29601 -18658
-8888 -7666
-24525 -3929
-2191 -400
-13914 1943
27455 20091
3416 -27265
18820 -10986
-11744 12292
10845 -18021
-23306 17507
-783 23472
31541 21808
29351 -25574
-13220 -869
6011 -22421
740 29886
-30023 21525
-1251 7017
-2908 -8865
29253 -26662
-2470 -4701
2736 5437
-4726 -15033
-16560 4578
-28492 24195
-15414 -11210
-29005 17574
24476 -11113
8031 -9580
-14279 14056
22675 30798
-14833 7847
28310 16634
-29529 11718
25671 -23708
3851 -21705
-15355 -19675
-25566 -19744
-14642 -8869
-9117 8462
5404 -1597
-17554 -28269
-8199 22564
17447 3126
-31486 -21005
-22900 -21173
-17835 18814
-669 -16628
31664 -8281
24414 17744
287 17578
-6068 1337
-941 -56
-12718 13361
-26232 10404
11931 6660
24626 -15312
-2908 -21066
21416 -25871
-21867 3832
-23980 16431
-6292 26460
4337 -16585
6253 25527
13804 17230
-25609 28685
10228 -6458
12904 22937
23066 8421
25496 8302
-10373 -29576
-22826 24873
-8494 25101
-27427 28019
20832 -8648
28685 -12781
-13601 17380
-28781 -4613
-23160 -10685
-6013 -8195
-1503 -5041
23015 -29361
-25351 -25632
23853 -1746
-24210 11152
-28726 29009
-3419 4908
-14496 14132
4171 28308
-1783 15058
-7031 -19503
30771 -11232
-29660 7712
-10314 -28345
-3744 7851
-30039 11345
2130 11660
-16435 7849
-23441 -30708
-16666 156
-15378 5544
-17066 11857
-9542 3296
15767 964
-16541 830
9330 -2388
18837 -31330
14488 12912
-3091 25748
-9699 -23267
-15746 7601
-18146 27609
236 7035
21519 -9378
-27447 -18212
16005 23363
-20591 -31505
-1216 -14894
-7210 20697
21349 -31570
23384 -29820
25724 -19029
-2953 -5720
4669 -9085
6517 -31794
-29982 18339
18146 -25300
20052 -23326
17853 222
-25759 6658
-24152 2351
-23761 8263
25181 -30416
-14939 -27605
17699 -24496
-7626 -488
-8906 -13679
-25091 23400
-8195 1390
17529 1064
4373 17003
-12369 5835
-2927 14037
-17667 5826
-14455 24695
-22708 18414
-11042 27318
8947 18490
31283 -10255
26876 -20546
20398 19068
3050 2830
16558 3011
7742 -31166
4048 26097
-5699 -10597
-16494 25367
7693 -22917
-13789 -2968
8363 31566
-1705 3484
12490 -17888
9320 2138
22560 -28849
28986 4191
-25818 -26267
22375 -25246
-11923 -6218
8121 -8173
-1908 10943
-24283 -13031
23646 9109
13349 30429
-27980 -2130
22574 31066
14283 -24402
27638 -14486
6041 -16216
18193 -15833
13289 27611
-11765 19968
-30574 9945
-12017 12751
19974 5173
-4908 1613
-11052 -20748
-17716 -1884
-18876 -30589
-19552 -22046
25259 28251
-15236 -19708
-19501 -11257
-7494 -10822
9171 -18628
25835 27212
-25416 -27810
12093 -20919
14556 -1427
17046 -30164
18789 -5371
8027 -31078
20382 18816
-21236 5980
10736 6019
-2970 14642
-12832 24255
13056 22703
17335 699
-10140 15130
14791 -24822
24738 -12396
6445 18912
-2314 18507
4121 -13697
4595 -15263
-22742 -7892
9613 -750
22947 26060
11556 -20519
-22386 -10343
-25371 -21908
24519 1869
-25718 -15699
-16230 -12519
13310 -20865
-18990 -20453
29027 -31177
-12306 25568
-15427 24935
-12644 -15128
-16228 -22371
-757 -11005
12767 -20248
-890 -14783
19337 6417
27029 29898
5267 -7615
4824 -705
-29054 4763
12978 -7531
6560 29451
-31001 14552
-30503 -30720
-17382 -23916
-4662 9859
-8712 -2792
-6595 -29132
-302 25890
-14406 -13843
12359 9255
-13847 -13722
-31923 -17550
9101 22304
-16839 -12568
18662 22195
-15216 -1945
18230 -3492
-20492 -11212
22175 23453
-30732 -3398
19025 -22076
-2345 8988
-14025 -26134
-1712 -28406
-19630 16623
-18861 -21068
9275 14386
23658 29994
16623 -17794
-31283 20210
-16697 -18763
9507 -26394
-3283 -29166
15660 -1857
16402 -16591
12228 -5205
-13755 -15650
31814 -3134
26736 -12060
3533 -20511
-7431 10683
7919 -25234
7810 -20833
4763 -26298
20478 -453
18408 -23345
13490 20378
27480 -10542
-2617 -12640
-25144 25630
-2593 -19873
-16908 21820
19925 -13150
29929 -26646
-22318 29644
1513 -5863
27337 -22244
-10595 18789
14746 20767
-21812 26666
-29158 -14587
23917 9857
-13902 -26876
8152 -23179
-12154 -29464
4552 5404
-12121 -5976
8847 -22677
7695 -10648
23990 26373
-27638 -1925
-23892 -6646
-4187 17478
-19234 3330
-19373 30568
-5181 9914
-8810 24109
29714 -20693
17927 25953
-23179 -5705
-12607 -7228
-21085 -24587
-2298 2289
29775 23648
-2003 -11777
-3283 -18089
7089 30759
-25121 -22621
26685 9234
9828 27607
27818 16718
5417 -24988
24656 27935
-13511 -8599
-128 4552
-4365 10332
535 27785
-9798 -15113
-25431 -16330
-21156 16455
-12035 -16048
30230 -7568
22738 -17396
27437 18453
-2812 -24154
4673 -28369
-789 28652
7113 -25890
-1630 -12640
-15583 7351
-18818 16316
20074 9330
-10687 -2089
-10382 14398
-19951 14080
3162 -20193
13244 -29460
873 -27433
21167 15330
12412 19599
21570 12343
27466 26535
27328 31535
-31964 -535
-14837 16277
-13292 4976
-22220 -5943
5238 28046
-1714 27433
28441 -24074
-19130 -9371
26828 -12417
30722 29716
-9968 31746
19572 275
31197 -27828
16125 -18060
-31031 -18466
-6441 8792
28207 -1691
-15253 -5046
-25283 11714
12396 -12183
-24386 24017
-634 13972
5505 24482
-5962 -5855
-21390 -3279
12699 12531
20175 2984
-10828 -8859
-23023 24740
-24146 6375
-12386 -21041
-11724 7718
9189 -12517
-13117 29359
-14832 2388
31060 -13791
28425 -9492
-2755 20087
-3628 7761
-12917 -16281
29322 25023
-31462 28955
-26832 -1662
-12875 2050
-9332 -31667
-30181 4431
11591 -1980
-708 12644
25494 -16582
-21730 -4410
26621 -28359
-16574 21878
20748 14328
-18457 25443
14925 15357
6769 -5863
-5666 -31687
-24582 -875
-25611 17162
9156 30582
4154 19320
-12574 -28648
22134 2087
2339 -5960
9386 25654
19080 21597
6693 14687
-22890 -6371
-23904 8472
-5392 21082
-22505 3095
15572 -26861
6935 -18447
3925 -562
4556 -5388
-3728 8257
-10369 -30445
23597 17261
13150 24230
23558 119
-5177 -21880
13876 9312
-2677 30095
-29853 -27464
30691 -26369
9173 -27697
31904 30853
-21201 21044
29544 -31273
30478 -1917
-24976 -14351
-27083 -29824
-9466 -22863
-31248 -20154
-17791 14964
3777 29310
16320 21167
24484 851
22072 -16855
-24011 9630
2818 14126
-20988 -6056
-15751 6324
8941 -14195
5787 3804
-27718 -13550
-2089 -6615
-5769 3183
-30531 7382
-3523 7052
-4503 12849
-4550 5591
24253 14302
-27777 -3679
-27617 3251
18623 -27154
-17910 -31685
-27021 18996
-1570 19826
31007 -7660
6070 12816
-1937 -30705
-1574 14242
10382 13123
31371 -17771
5623 -15007
-28769 -8568
7464 -29949
11169 -27707
-10468 21982
-26820 -39
-1896 -14798
-6654 23474
-21871 6302
14609 23580
10902 -19683
-472 11429
7029 -28083
4968 14837
12470 23939
13947 -27181
-583 -29291
-18800 28271
13943 -3406
2046 -9191
-8644 -3279
-10408 -30925
19669 -13453
31250 23609
23099 -2312
-4402 1488
-21699 -20546
-16089 -9332
18796 -23152
-18736 -6667
3433 -20724
-1345 -5375
-20939 -4937
19523 15111
15398 -30177
-23101 14326
21109 -3849
-23402 -15466
8376 -11945
-7240 2908
31533 -30095
1462 5785
25384 -11125
-20822 24216
27847 9570
-19648 9748
1111 27966
2775 24734
25292 -10455
12662 13787
31386 31093
-13277 -19947
-7861 -8398
-22648 -14810
-23796 9394
-4230 10089
-26142 24099
-11884 30320
26269 -5199
10236 18712
369 31726
-13423 16531
-24755 -31373
-13312 29642
5318 -3376
20001 -513
1568 13222
-30056 29335
-1087 -12966
31433 24548
-28537 20064
31455 -30916
22001 30234
-12617 12357
8890 -26798
-13871 20976
-14476 8873
-23515 15814
-4785 -9357
3943 31931
12554 13367
15216 -19447
6203 -13630
16533 -26828
4500 5875
-25025 30650
-2740 23687
20009 25744
-10361 -11779
24744 1632
26867 -3050
13541 31208
-4296 11031
-22955 17845
-22998 6398
17537 -15058
-19003 27675
24486 7142
25289 17792
19890 -26269
-16453 -484
-5830 10699
-23357 44
-27371 12822
11794 -12462
-9462 -21332
-29070 -28253
-5376 21191
-1570 13347
-26236 -15314
-3789 19810
25390 11492
-10005 29800
-19632 -19607
5697 12267
-11693 -28230
1277 -271
-9515 1425
9925 28371
-8128 1990
8623 -12093
-23171 -28277
25726 -8968
-20083 19052
-20482 21548
-15517 -5468
-14714 27568
30667 -5625
31867 23015
-8371 -1796
20380 31300
30783 -29787
-26107 24218
29458 -10087
-30888 12496
27169 -14597
21156 9796
19179 28015
24455 20400
-2705 785
28689 20267
20968 -22001
12957 17263
3431 21214
26564 5425
6792 -3718
-31947 27082
-26859 -6648
8601 4173
-28898 22316
-18353 2509
-22689 -23746
-16718 26466
-30205 -16337
-20812 -951
12841 9943
23683 -22648
16371 -6607
-7353 15523
-1783 21669
-25517 4447
-16689 -9539
-12466 -4537
-6390 11105
-19839 13939
-6470 30845
29906 -3185
23056 -29873
-6005 9515
11148 11947
2214 21509
-5001 -22464
-13763 -31277
1546 16906
-17781 2433
-15296 19843
25183 -26787
-27476 -14849
-12287 10064
-13267 8023
7324 -11789
13621 7945
6652 -11025
-11488 -21025
12210 -8289
21652 -8787
24343 24607
-30123 -24296
7853 314
-19599 -24236
19828 -2757
17744 7203
-17316 3955
23560 -21259
-22097 26289
-24400 8060
-18939 -6492
-30777 -17037
21271 18078
5425 28787
2203 -23671
-9976 22380
10187 -15378
-19654 8587
-3720 22654
-28830 25953
2333 15007
14181 24103
-2294 14609
-8210 -15134
14773 10314
-23693 14755
23238 -14289
-2884 -11107
-17470 2300
-28261 -5857
17634 11707
13583 16042
26919 30326
8623 30542
7478 -13828
-7214 -26267
21306 3361
-1837 -31890
-24292 1814
15589 2791
16173 -15162
5458 -10320
-26886 -13451
-22597 9275
-23152 -2482
19873 -9226
-17238 -8966
13152 -24060
-25287 15064
28904 30140
904 17718
9511 -28666
-7279 6425
15898 -13449
-10730 29648
22837 12867
738 -4970
-859 -24742
-16919 16345
29333 20607
1050 24576
28488 26703
29703 -6580
31986 19205
31525 -17732
31759 -16683
-10156 -27933
2943 -6503
-25578 128
22455 -1015
-2246 -30820
10429 -11595
-22457 28117
685 9195
-31904 -5191
357 -17259
25699 -18964
-18144 -16908
-7025 -15039
-25498 -18792
12134 -15750
8855 3960
27580 -6521
-16375 -11480
21310 5113
4382 -26904
12986 7019
16501 16373
3515 31998
18589 -5902
-17490 -4306
25857 29410
25375 -6830
-26187 -14285
-12326 -5978
-27261 21173
-824 -21322
-15824 19841
16439 15039
28851 1697
27748 2597
-29476 8330
-10492 -20623
15416 29234
-22839 27966
-14185 26908
-13763 16384
-20320 11128
7095 26832
-30121 29541
6878 -1925
17171 24951
-9888 -736
11693 -28783
-2447 25025
-22533 -27833
-31001 -21328
24791 16025
-24974 14660
-9675 22785
-25419 -24070
16580 -25046
1886 18765
-1933 5275
-27373 -28232
10000 11
21166 -27312
27972 -8318
-9787 12281
13703 -830
-8904 5732
17175 20263
5107 11968
-1386 171
4093 -23791
-14773 -13402
-14777 -1292
-18033 -23453
2812 -11972
22314 -15439
8039 -16966
31554 6164
24058 -26179
25968 -2490
-9509 -27201
21363 -13599
25410 -6015
20751 -3251
-31056 -15683
-31613 13421
-19087 -25001
-8943 -16742
-27312 -28263
25015 14152
-25212 13429
19271 -4828
-28673 -12927
16544 29730
30634 16285
-4953 -30640
7808 -14714
-4859 3814
-20642 -3195
20919 5816
10011 8261
22373 -16109
19759 -1195
-19679 31775
5431 -26900
3455 -11562
-23472 -17898
-12376 31910
27771 6166
12691 -11019
-11355 26585
-18033 -9406
-31892 3851
-31277 -24365
-1574 -12533
31705 2595
-23310 -25054
2501 -17037
-6843 1298
-1898 -5152
29916 26312
-15312 9031
-23421 -12410
11246 12787
2205 -15425
23814 8757
15451 13109
-5109 -30152
750 14199
-29162 -16257
-2888 11533
-20587 -13693
-4050 -9972
17203 2285
22884 0
9906 4689
8732 -24242
-6224 20496
18779 23724
4496 355
-25671 -19750
-10705 -12324
10978 8406
-14587 -7380
17027 14781
-28382 -9062
-28843 -21210
11839 -1570
-26359 -14230
4427 10859
8351 -23343
-29394 18273
-5830 -26757
21460 21339
-16429 25769
14720 20357
24925 -18277
-9603 -4402
9292 -14107
-17654 27748
27455 6513
-22898 29017
-4773 -9470
-30892 6521
-9753 11177
-22537 30697
-8810 -324
-15187 22177
17509 -26658
-17787 24560
11337 -13896
19402 18880
-27480 20101
7894 -22505
12873 -22091
-7878 15152
20583 -8820
-16740 -2505
4671 3923
16027 17587
28539 -9673
-11669 14447
17507 22335
-4878 -17103
27507 17576
-30197 7859
-13638 1960
-2958 25226
27972 -25287
-14771 21861
24826 792
-26087 1123
-27488 -6623
-8044 -19445
1857 17878
-10291 -17478
25056 1947
22056 -22789
-18083 30445
14046 -24925
14921 -10347
996 12935
19667 10861
31113 22660
9435 -25808
3318 22417
28125 5757
16396 -18343
-16986 11498
14958 1470
-18966 -654
-10343 27345
6560 -15746
-24808 1017
9355 -22562
10218 10617
-17652 -25697
25884 16408
2115 1996
-17320 1640
5609 24923
-23753 -24333
18423 -21408
-10992 1492
-8224 26929
12007 -25562
17136 23226
-27794 7955
24787 -30919
8724 -9556
13755 15386
-10980 -9357
-21556 -19796
-26435 29833
-22349 -8871
-8322 20343
22158 19845
-23296 23867
-17533 -3525
-26126 10578
-27130 -23117
7421 15056
-23427 24783
18466 18886
16199 13046
-8039 10628
11050 355
-480 20798
-4884 5048
-8457 22535
-12470 7599
-12185 27367
16683 27976
-16146 6248
-24943 -15806
27730 25443
17320 28521
22978 -6904
4988 10001
-27349 14523
-18595 -31060
-12300 4662
-25279 17369
-20107 14025
-14542 -23048
-12150 -5332
2828 -22173
-9417 -27306
26558 1833
-31542 -21900
-9476 12992
150 -30751
2380 14886
25974 23062
31783 10730
27964 -25039
24628 -26121
26552 10158
19546 -28031
5394 20705
-29699 -20634
-15855 31882
-16107 27326
-12412 25955
-28574 25498
-4484 10564
-28654 -26199
-24312 5494
-22412 -8648
-3470 7902
-26830 -27214
21457 7679
7880 -24474
4318 29455
-16068 -16230
1015 -25214
-7191 13017
27910 29976
-7986 1732
11757 28447
9794 -2634
13277 1203
-17861 218
8080 11271
-5771 14839
1556 6617
-1177 -12037
19923 -24707
14654 26027
-10414 -17277
27531 -20359
-693 -3076
